54, 5
155, 22
Hard to Traverse Center Point #0: (19, 17)
Hard to Traverse Center Point #1: (123, 95)
Hard to Traverse Center Point #2: (37, 11)
Hard to Traverse Center Point #3: (43, 51)
Hard to Traverse Center Point #4: (82, 118)
Hard to Traverse Center Point #5: (95, 101)
Hard to Traverse Center Point #6: (78, 5)
Hard to Traverse Center Point #7: (15, 106)
1	1	1	1	1	1	1	1	0	1	1	1	1	1	1	1	1	0	0	1	1	0	2	1	2	2	1	2	2	1	1	2	2	0	2	2	2	2	1	2	1	2	2	2	1	2	1	2	2	2	2	1	1	1	1	1	1	1	1	1	1	1	1	0	1	0	1	1	2	0	2	0	0	0	1	2	1	0	2	2	2	0	1	1	0	1	2	1	1	2	2	2	1	1	1	1	1	1	0	0	0	1	1	1	a1	1	1	1	1	1	1	0	1	1	1	1	1	1	0	1	1	1	1	1	1	1	1	1	1	0	1	0	1	1	0	1	1	0	1	a4	1	1	1	1	1	1	0	1	0	1	0	1	1	1	1	0	0	1	1	1
1	0	0	1	1	1	1	1	1	1	1	1	1	1	1	1	1	1	1	1	0	1	2	1	0	2	1	1	0	2	0	2	0	1	2	0	2	2	1	0	2	0	1	2	1	1	2	1	0	1	2	1	1	0	1	1	0	1	1	1	1	0	0	2	2	2	0	1	2	2	1	1	0	0	1	2	2	2	1	0	2	2	1	1	2	2	1	1	2	1	1	2	2	1	1	1	0	1	1	1	1	1	1	1	a1	1	1	1	0	1	1	1	1	1	1	1	1	0	1	1	1	1	0	1	1	1	1	1	1	1	1	1	1	1	1	1	1	1	1	a4	1	1	1	1	1	0	1	1	1	1	1	0	1	1	1	0	1	1	1	1
1	0	1	1	1	1	2	1	2	1	0	0	1	2	1	1	2	2	2	2	1	0	2	2	0	0	1	1	2	2	2	2	2	0	2	0	1	2	1	2	2	2	1	1	2	1	1	2	1	2	0	1	0	1	1	1	1	0	1	1	0	0	1	1	2	1	1	2	2	1	2	0	2	1	2	1	1	2	2	1	1	2	0	2	1	2	0	2	2	0	0	1	2	1	1	0	1	1	1	1	1	1	1	1	a1	1	1	1	1	1	1	1	1	1	1	0	1	1	1	1	1	0	1	1	1	1	1	1	1	1	0	1	1	1	1	1	1	1	0	a4	1	1	0	1	1	1	1	1	1	1	1	0	1	1	1	1	1	1	1	1
1	0	1	1	2	2	2	2	2	2	2	1	1	2	0	1	1	2	2	2	1	1	2	2	2	1	2	2	2	2	1	2	2	2	1	2	2	1	1	0	0	0	2	1	2	2	1	1	2	2	1	2	1	1	1	1	1	1	1	1	1	1	1	0	1	0	2	0	1	2	2	2	0	0	1	1	2	2	2	2	1	1	1	1	2	0	1	1	1	2	2	2	1	1	1	1	0	0	1	1	1	0	1	1	a1	0	1	1	1	0	1	1	1	1	1	1	1	1	0	0	0	1	1	1	1	1	1	1	1	1	1	1	0	1	1	1	1	0	1	a4	1	1	1	1	1	1	1	1	0	0	1	1	1	1	0	1	0	1	1	1
1	1	0	1	2	0	1	0	2	2	0	2	1	1	0	2	1	2	1	2	2	2	2	2	1	2	0	2	1	2	0	2	1	0	2	2	1	1	2	1	1	2	1	0	2	1	1	2	2	0	1	1	1	1	1	1	1	1	1	1	0	1	1	2	1	0	2	2	1	2	2	0	2	1	0	2	1	1	0	0	1	1	1	1	2	0	1	1	1	1	2	0	0	1	1	1	1	1	0	1	0	1	1	1	a1	1	1	1	1	1	1	1	1	0	1	1	1	0	1	0	0	1	0	1	1	1	1	1	1	1	1	1	1	1	1	1	1	1	1	a4	1	1	1	1	0	1	0	1	0	1	0	1	0	1	1	1	1	1	1	1
0	1	1	1	2	0	2	1	0	1	1	1	2	1	0	0	0	1	0	1	0	1	2	2	2	1	2	2	2	2	2	2	2	2	1	2	2	2	1	2	0	2	2	2	1	1	1	0	1	2	1	2	1	1	s	1	1	1	1	0	1	1	1	2	2	1	0	1	2	1	1	1	2	0	2	0	1	1	2	0	0	2	0	1	1	1	1	2	2	2	0	1	1	1	1	0	1	1	1	0	1	1	0	1	a1	1	1	1	1	1	0	1	1	1	1	1	0	1	1	1	1	0	1	1	1	1	1	1	1	1	1	0	1	0	1	0	1	1	1	a4	1	1	0	1	1	1	1	1	1	1	1	1	1	1	1	0	1	1	1	1
1	1	1	1	1	1	1	1	1	2	1	1	2	2	2	1	1	2	1	2	1	1	2	2	2	2	2	2	0	2	2	0	1	2	0	0	2	2	2	1	2	1	2	1	2	2	2	2	0	2	2	2	1	1	1	1	1	1	1	0	1	0	1	1	1	1	1	2	1	1	2	0	0	1	1	1	0	2	2	1	1	1	2	1	2	1	1	2	2	1	2	2	1	1	1	1	1	1	1	0	1	1	1	0	a1	1	0	1	1	1	0	1	1	1	1	1	1	1	1	1	1	1	0	1	1	1	0	1	1	1	1	1	1	1	1	1	0	0	1	a4	1	0	0	1	1	1	1	0	1	0	1	0	1	1	0	1	1	1	1	1
1	1	0	1	1	2	2	1	0	1	2	2	2	1	2	1	1	2	1	2	0	2	2	1	2	0	2	1	2	1	1	1	2	2	1	2	1	2	0	0	1	2	1	0	0	1	2	1	0	1	2	1	1	1	1	0	1	1	1	0	1	1	1	1	2	2	1	0	1	2	2	2	2	0	1	1	1	1	1	0	2	2	2	1	2	1	1	2	2	1	1	1	2	1	1	1	1	0	0	0	1	1	1	1	a1	1	1	1	1	0	0	0	1	0	1	1	1	1	0	1	1	1	1	0	1	1	1	1	1	1	1	1	0	1	1	1	1	1	1	a4	0	0	1	1	1	1	1	1	1	1	1	1	0	1	0	0	0	1	1	0
1	1	0	0	1	2	2	2	1	2	0	0	1	1	1	2	2	1	2	1	1	2	0	2	2	2	1	2	2	2	2	0	2	2	2	2	2	2	0	1	1	0	0	1	1	2	1	2	0	1	2	2	1	0	0	1	1	1	1	0	1	1	1	1	1	1	2	1	2	1	1	1	0	1	2	2	2	2	1	2	1	1	0	0	2	1	2	1	1	2	2	0	2	1	1	1	1	0	1	1	1	1	0	1	a1	1	1	0	1	1	1	1	0	1	1	1	1	0	1	1	1	0	1	1	1	1	1	1	1	1	1	1	1	1	1	1	0	1	1	a4	1	1	1	0	1	1	1	1	1	0	1	0	1	1	1	1	0	1	1	1
1	1	1	1	1	1	1	1	0	0	2	1	1	2	2	2	0	1	0	1	1	2	2	0	0	0	2	1	1	2	0	0	0	2	2	0	2	1	2	1	2	1	2	1	2	1	2	2	1	2	2	2	1	0	1	1	1	1	1	1	1	1	1	1	1	1	1	1	1	2	2	2	2	1	1	0	1	2	2	0	2	0	1	2	2	1	2	0	1	1	0	0	1	1	1	0	1	1	1	1	1	1	1	1	a1	1	1	1	0	1	1	1	1	0	1	1	1	0	0	1	1	1	1	1	1	1	1	1	1	1	0	1	1	1	1	1	1	1	1	a4	1	1	1	1	1	1	1	1	1	1	1	1	1	1	0	1	1	1	1	1
1	1	1	1	1	0	2	1	0	1	2	2	0	1	2	0	1	1	1	0	0	0	2	2	2	2	0	2	2	1	2	1	2	1	2	0	2	1	2	1	1	0	2	2	1	1	1	2	2	0	2	0	1	1	0	1	0	1	1	0	0	1	1	2	0	1	1	0	2	1	1	1	1	2	1	0	2	1	2	1	1	2	1	2	2	1	1	2	2	1	2	1	0	1	0	1	1	1	1	1	1	1	0	1	a1	1	0	1	1	1	1	1	1	1	1	0	1	1	0	1	1	1	0	1	1	1	1	1	0	1	0	1	1	0	1	1	0	1	1	a4	1	1	1	1	0	1	0	1	1	1	1	1	1	1	1	0	1	1	1	1
1	1	1	1	1	2	0	0	0	2	0	1	0	1	2	0	0	0	1	2	1	0	2	2	2	1	2	0	1	2	0	2	2	2	0	1	2	2	1	0	2	2	2	1	1	2	0	0	1	2	1	2	1	0	1	1	0	1	1	1	1	1	1	0	0	2	2	1	1	2	2	2	2	1	2	1	1	2	0	2	1	1	1	1	1	2	1	1	1	1	2	2	0	0	0	1	0	1	1	0	1	1	1	1	a1	0	1	0	0	1	0	1	1	1	0	1	1	1	0	1	1	1	1	1	1	1	1	1	1	0	1	1	1	1	1	1	1	1	1	a4	1	1	0	1	1	1	1	1	1	1	1	1	1	1	1	0	1	1	1	1
1	1	0	1	1	2	1	2	1	0	0	2	0	1	0	1	1	2	2	1	0	0	2	2	0	2	2	0	2	2	1	0	0	1	1	0	1	1	1	2	1	0	2	1	0	1	1	2	2	1	1	2	1	1	1	1	1	1	1	1	1	1	1	2	1	2	2	2	0	1	0	2	0	0	1	0	0	1	1	2	1	2	1	1	1	1	1	0	2	1	0	2	2	1	1	0	1	1	0	0	1	1	1	1	a1	1	1	1	1	1	0	1	1	0	1	1	1	1	1	1	0	1	1	1	0	1	1	1	0	0	1	1	0	1	1	1	1	1	0	a4	1	1	1	1	1	1	0	1	1	1	0	1	1	1	1	1	0	1	1	1
0	1	1	1	0	1	1	0	2	2	1	1	0	1	0	0	0	0	2	1	1	1	1	2	2	2	1	2	2	2	2	0	1	2	2	1	1	0	1	0	1	2	1	2	1	2	2	0	2	2	2	2	1	1	1	1	1	1	1	1	1	1	1	2	2	2	2	0	1	0	2	2	0	0	1	0	1	2	1	0	1	0	1	2	1	1	1	0	1	2	2	1	2	1	1	1	1	1	1	1	1	1	1	1	a1	1	1	0	1	1	1	0	1	1	0	1	1	0	0	1	1	0	1	1	1	1	1	1	1	1	0	1	1	1	0	1	1	0	1	a4	1	1	1	1	1	1	1	1	1	0	1	0	1	1	1	1	1	1	1	1
0	1	0	1	2	1	1	1	1	1	1	0	0	1	1	0	1	1	2	0	1	0	0	1	2	0	1	2	0	2	2	2	2	1	1	2	1	0	0	0	2	1	2	2	1	1	0	2	1	0	1	2	1	1	1	1	1	1	1	1	1	1	0	2	1	2	2	2	1	1	2	1	1	1	2	0	1	0	2	1	1	1	2	2	0	1	2	1	1	2	1	2	2	1	1	0	1	1	0	1	1	0	1	1	a1	1	1	1	1	1	1	1	1	1	1	1	1	1	1	1	1	1	0	0	1	1	1	1	1	1	1	1	1	1	1	1	1	1	1	a4	1	1	1	0	1	1	1	1	1	1	1	1	1	1	1	1	0	1	1	1
1	1	1	1	2	1	2	0	1	2	0	1	2	2	1	2	1	1	1	2	1	0	1	0	1	2	2	2	2	0	2	1	2	2	1	1	2	1	2	0	0	2	0	1	2	2	2	0	1	1	1	2	1	1	1	0	1	1	1	1	0	1	1	1	2	1	1	2	1	2	2	2	0	1	2	1	1	2	1	2	2	2	2	0	2	2	1	2	0	0	1	1	2	1	1	1	1	1	1	1	1	1	0	0	a1	1	1	0	1	1	1	1	1	1	1	1	1	0	1	1	0	0	1	1	1	1	0	1	1	1	1	1	1	1	1	1	1	1	1	a4	1	1	1	1	1	1	1	1	1	0	1	0	1	1	1	1	1	0	1	0
a3	a3	a3	a3	a3	a3	a3	b3	b3	b3	a3	b3	b3	b3	a3	b3	b3	a3	b3	b3	b3	b3	a3	b3	b3	a3	a3	b3	b3	b3	a3	b3	b3	b3	a3	b3	a3	a3	b3	b3	b3	2	1	1	1	1	2	2	0	1	2	1	1	1	1	1	1	1	1	1	1	1	1	2	2	0	1	0	1	1	1	2	0	1	2	1	2	0	1	1	1	1	2	1	1	1	1	2	0	1	0	2	1	1	1	1	1	1	0	0	1	0	1	1	a1	1	1	1	1	1	1	1	1	1	0	0	1	1	1	1	1	1	1	1	1	0	0	1	1	1	1	1	1	1	0	1	1	1	1	a4	0	1	1	0	1	1	0	1	0	0	1	1	1	1	1	1	1	1	1	1
0	1	1	1	2	0	1	0	1	1	0	0	0	0	2	0	1	2	1	2	1	2	1	2	2	1	2	2	2	2	0	1	2	2	2	2	2	2	0	0	b3	1	2	1	0	1	1	0	2	0	2	0	1	1	1	1	1	1	1	1	1	1	1	0	1	0	1	1	2	1	2	0	0	1	1	2	1	1	1	2	1	2	0	1	1	1	2	1	0	1	2	0	2	1	1	0	1	1	1	0	0	1	1	1	a1	1	1	0	1	1	1	0	1	1	1	1	1	1	1	1	1	1	1	1	1	1	1	1	1	1	1	1	0	0	1	1	1	0	1	a4	0	1	1	0	1	0	1	1	1	1	1	1	1	1	1	0	1	1	1	1
0	0	1	0	2	1	2	2	2	0	1	2	2	1	1	1	0	0	2	2	1	2	1	2	0	2	1	2	2	1	2	2	1	1	2	2	0	0	2	1	a3	2	1	1	1	1	0	2	0	1	1	0	1	0	1	1	1	1	1	0	1	1	1	0	1	0	1	0	1	2	0	2	1	0	1	2	1	1	1	2	1	1	2	2	1	1	1	1	1	2	2	2	2	0	1	1	0	1	1	1	1	0	1	1	a1	1	0	0	1	1	1	0	1	1	1	1	1	1	1	0	0	0	1	1	0	1	1	0	1	1	1	1	1	1	1	0	0	0	1	a4	1	1	1	1	1	0	1	1	1	0	1	1	1	0	1	1	1	1	1	1
1	1	1	1	1	2	2	1	1	2	1	2	0	1	2	2	1	2	0	0	2	1	0	2	1	1	0	1	2	0	1	2	2	2	2	2	1	2	2	2	a3	1	1	0	1	2	0	2	0	1	1	1	1	1	1	1	1	1	1	1	1	1	1	0	1	1	1	1	0	1	0	1	2	2	2	2	2	1	2	2	1	1	2	1	1	2	2	1	2	2	0	1	1	1	1	1	1	1	1	0	1	1	1	1	a1	1	1	1	1	1	1	1	1	1	1	1	1	1	1	1	1	1	1	0	1	1	0	1	1	1	1	1	1	1	1	1	0	0	1	a4	1	1	1	1	0	0	1	1	0	1	1	1	0	1	1	1	1	1	1	1
1	1	1	0	0	2	2	2	1	1	1	2	1	1	0	1	0	1	2	1	1	1	2	2	2	2	2	2	1	2	2	0	0	2	2	2	1	1	1	1	a3	0	0	0	2	2	2	2	2	1	2	1	0	1	0	1	1	1	0	0	1	1	1	1	1	0	1	1	0	1	0	1	1	1	1	1	0	1	1	1	0	1	1	1	1	0	1	1	0	1	1	1	1	1	1	1	1	1	1	1	1	1	1	1	a1	a1	a1	a1	a1	a1	a1	a1	a1	a1	a1	a1	a1	a1	a1	a1	a1	a1	a1	a1	a1	1	1	0	1	1	1	1	1	1	1	1	1	0	1	a4	0	1	1	1	1	1	1	1	0	1	1	1	1	1	1	1	1	1	1	1
1	1	1	1	2	1	2	0	0	1	1	1	2	1	1	2	2	1	2	1	1	1	2	2	1	0	1	2	0	0	0	2	2	1	1	1	0	2	1	1	a3	0	2	0	1	2	0	1	1	0	1	2	1	0	1	1	1	0	1	1	1	1	0	1	0	1	1	1	1	1	1	1	1	1	1	1	1	1	0	1	1	1	1	0	1	1	1	1	0	1	1	0	1	1	0	1	1	1	1	1	1	0	1	1	0	1	1	1	1	1	0	0	1	1	1	1	1	0	1	1	1	1	1	1	a1	1	0	1	1	1	1	0	1	1	1	1	1	1	1	a4	1	1	0	1	1	1	1	1	1	1	1	1	1	1	1	1	1	0	1	1
1	1	1	1	1	1	1	2	2	1	0	1	1	2	0	2	0	2	1	2	2	1	2	1	1	0	2	2	0	0	0	2	1	2	1	2	0	2	1	1	a3	2	1	2	1	0	2	1	1	2	1	2	1	1	1	1	1	0	0	0	1	0	1	1	1	1	1	1	1	0	1	0	1	1	1	0	1	1	1	0	1	0	1	1	0	1	0	1	1	1	0	1	1	1	1	1	1	1	1	1	1	1	1	1	1	1	1	1	1	1	1	1	1	1	1	1	1	1	1	1	0	1	1	1	a1	1	1	0	1	1	1	1	1	0	1	1	1	1	1	a4	0	1	0	1	1	1	1	0	0	1	1	1	1	1	1	g	1	1	1	1
1	1	0	1	1	2	2	2	2	0	2	1	2	1	2	2	1	1	2	1	0	1	2	1	0	0	1	2	2	2	1	2	2	2	1	0	2	1	1	1	b3	2	2	1	0	2	0	1	2	2	2	2	0	1	1	1	1	1	1	1	1	1	1	1	1	1	1	0	0	1	1	1	1	1	1	0	1	1	0	1	1	0	1	0	1	1	1	1	1	0	0	1	1	1	1	1	0	1	0	0	1	1	1	1	0	0	1	1	1	1	1	1	1	1	0	1	0	1	1	1	0	1	1	1	a1	0	1	1	1	1	0	1	1	1	1	1	1	1	1	a4	1	0	1	1	1	1	0	1	1	1	1	1	1	1	1	1	1	1	1	1
0	1	1	1	2	1	0	1	1	1	2	2	0	2	2	2	1	1	0	1	1	1	1	2	2	2	0	2	2	2	0	2	2	2	1	1	1	2	2	1	b3	2	1	1	1	2	1	2	1	1	1	2	0	1	0	0	0	1	0	1	1	1	1	0	1	0	1	0	1	1	1	0	1	1	1	0	1	0	1	1	1	1	1	1	1	0	1	1	1	1	1	1	1	0	1	1	0	0	1	1	1	1	1	1	1	1	1	1	1	1	1	1	0	1	1	1	1	1	1	1	1	1	1	1	a1	1	1	1	0	1	1	1	0	1	1	1	0	1	1	a4	1	0	1	1	0	1	1	1	0	1	1	0	1	1	1	1	1	1	1	1
0	1	1	1	0	2	1	1	1	1	2	2	2	1	2	1	0	2	0	2	2	0	2	2	1	2	2	2	1	0	2	2	2	2	1	0	2	1	1	0	a3	2	1	2	2	1	1	2	2	1	1	1	1	1	1	0	1	1	1	1	1	0	1	0	1	1	1	1	1	0	1	0	1	1	1	1	1	1	1	1	1	1	1	1	1	1	1	0	1	1	1	1	1	0	1	1	1	1	0	1	1	0	1	1	1	1	1	1	1	1	1	1	1	0	1	0	1	0	1	1	1	1	1	0	a1	1	1	1	1	1	1	1	1	1	1	0	0	1	1	a4	1	1	1	0	1	1	1	1	1	1	0	0	1	1	1	1	1	0	0	1
1	1	1	1	1	1	2	1	1	2	1	2	1	2	1	0	2	2	1	1	2	0	2	0	1	1	2	2	0	2	0	0	2	2	1	1	0	1	0	0	a3	1	1	1	1	1	1	1	1	1	1	1	1	0	1	1	0	0	1	1	1	1	1	1	1	0	1	0	1	1	1	0	1	1	1	1	1	1	1	1	1	1	1	1	1	1	1	0	0	0	1	0	1	1	1	0	0	1	1	0	1	1	1	1	0	0	0	1	1	1	1	1	1	0	1	1	1	1	1	1	1	1	1	1	a1	1	0	1	1	1	1	1	1	1	0	1	0	1	1	a4	1	0	0	1	1	1	1	1	1	1	1	1	1	1	1	0	1	1	0	0
1	1	1	1	2	2	2	2	1	0	0	2	1	1	0	0	0	1	1	2	1	0	2	1	1	2	1	1	2	2	0	1	2	1	0	1	0	1	1	1	a3	1	1	0	1	1	1	1	1	1	1	1	1	1	1	1	1	1	1	1	1	0	1	1	1	1	1	1	1	1	1	0	1	1	1	1	1	1	1	1	1	1	1	1	1	1	1	1	1	1	0	1	1	1	1	1	1	1	1	1	1	1	1	1	1	0	1	1	1	0	1	1	1	1	1	1	1	1	1	1	1	1	1	1	a1	0	1	0	1	1	1	1	0	1	1	1	1	1	1	a4	0	1	0	1	1	1	1	1	1	1	1	1	1	1	1	1	1	1	1	0
1	1	1	1	0	2	1	1	1	0	0	1	2	1	2	0	2	1	1	0	1	1	1	1	0	2	1	1	1	1	1	1	2	1	0	1	1	0	1	1	a3	1	1	1	1	1	1	1	0	0	0	0	1	1	0	1	1	1	1	0	1	1	1	1	1	1	1	1	1	1	1	1	1	1	1	1	1	1	1	1	1	1	1	1	0	0	1	0	1	1	1	1	1	0	1	1	1	0	0	1	0	0	1	1	1	1	0	1	0	1	1	1	1	1	1	1	1	1	1	1	1	1	1	1	a1	1	1	0	1	1	1	1	1	1	1	1	0	1	1	a4	1	1	1	0	1	1	1	1	1	0	1	1	1	1	1	1	1	1	1	0
1	0	1	0	0	2	1	2	1	2	1	1	0	2	1	2	2	0	1	2	2	2	1	2	0	2	1	1	1	2	0	0	1	2	1	1	1	1	1	1	a3	1	0	0	1	1	1	1	1	1	1	1	1	1	1	0	1	1	1	1	1	1	1	1	1	1	1	1	1	1	1	1	0	0	1	1	1	0	1	1	1	1	1	1	1	0	1	1	1	1	1	1	1	1	1	1	1	1	1	0	1	0	0	1	1	0	0	1	1	0	1	1	0	1	0	1	1	1	1	1	1	0	1	0	a1	1	1	1	1	0	1	1	1	0	1	1	0	1	1	a4	1	1	1	1	1	1	1	0	1	0	1	1	1	0	1	1	1	1	1	0
0	1	1	1	1	1	2	2	2	2	1	1	1	1	0	0	2	1	2	1	0	2	0	2	1	2	1	2	1	2	1	2	2	1	1	0	1	1	1	1	a3	0	1	1	0	1	1	1	1	1	0	1	1	1	1	1	1	1	1	1	1	0	1	0	1	1	1	1	1	1	1	1	1	1	0	1	1	1	0	1	0	1	1	1	0	1	0	1	1	1	1	1	1	1	1	1	1	1	1	0	1	1	1	1	1	1	1	1	1	1	1	1	1	1	0	1	0	1	1	0	1	1	0	0	a1	1	0	0	0	1	1	1	1	1	1	1	1	1	1	a4	1	1	0	1	1	1	1	1	1	1	1	0	1	1	0	1	1	1	1	1
0	0	1	1	0	2	2	0	2	1	2	2	1	2	1	1	2	2	2	2	0	0	1	0	1	2	0	1	0	1	2	0	0	0	1	0	1	1	1	1	a3	1	1	1	1	1	1	1	1	1	1	1	1	1	1	1	1	1	1	0	0	1	0	1	1	0	1	1	1	0	1	0	1	1	1	1	1	1	1	1	1	1	1	1	1	1	1	1	1	1	1	1	1	1	1	1	1	0	1	1	1	1	1	1	1	1	1	0	1	1	1	1	0	1	0	1	1	1	0	1	1	1	1	1	a1	0	1	1	1	1	1	0	1	1	0	1	1	1	0	a4	a4	a4	a4	a4	a4	a4	a4	a4	a4	a4	a4	a4	a4	a4	a4	a4	a4	a4	a4	a4
1	1	1	1	0	1	1	1	1	1	1	1	1	1	0	1	0	1	1	0	1	1	1	0	1	1	1	1	1	1	0	1	0	1	0	1	1	1	1	1	a3	1	1	1	0	1	1	1	1	1	1	0	0	1	1	0	1	0	0	0	1	1	1	0	1	1	1	0	1	1	1	1	0	1	1	1	1	1	0	1	0	1	1	1	1	1	1	0	1	1	1	1	1	0	1	1	1	1	1	1	1	1	1	0	0	1	1	1	1	0	0	1	1	1	1	1	1	1	1	1	1	1	0	0	a1	0	1	1	0	1	1	1	1	1	1	1	1	0	1	1	1	1	1	1	1	1	1	0	1	1	1	1	1	1	1	1	1	0	1	0
0	1	1	1	1	1	0	1	1	1	1	1	1	1	1	1	0	1	0	1	0	1	1	1	1	1	1	1	1	0	1	0	1	0	1	0	1	0	0	0	a3	1	1	1	1	1	1	1	1	1	1	1	1	1	1	1	1	0	1	0	1	1	1	1	1	1	1	1	1	1	0	1	0	0	1	1	1	1	1	1	0	1	1	1	1	1	1	1	1	1	1	1	0	1	1	1	1	0	1	1	1	1	1	1	1	0	1	0	0	1	1	1	1	1	1	0	1	0	1	1	1	1	1	1	a1	1	0	1	1	0	1	1	1	1	0	1	1	0	1	1	0	1	1	1	1	1	1	0	1	1	1	1	1	0	1	1	1	1	1	1
1	1	0	1	1	1	1	1	0	1	1	1	1	1	1	1	0	1	1	1	1	1	1	1	1	1	1	1	1	0	1	0	1	1	1	0	0	1	1	1	a3	1	1	1	1	1	1	1	1	0	1	1	0	1	0	1	0	1	1	1	1	1	0	1	0	1	1	1	1	0	1	0	1	1	1	1	1	0	0	1	1	0	1	1	0	0	1	1	1	1	0	1	1	1	0	1	1	1	0	1	1	1	1	1	0	1	0	1	1	1	1	0	0	1	1	1	0	1	1	1	1	1	1	1	a1	1	1	1	1	1	1	1	1	0	1	0	1	0	1	1	1	0	1	1	0	1	1	1	1	1	1	1	1	0	0	0	1	1	1	1
1	1	1	1	1	1	1	1	1	1	1	0	0	1	1	1	0	1	1	1	1	1	1	1	0	1	1	1	1	1	1	1	0	1	0	1	1	1	1	1	a3	1	1	1	1	1	0	1	1	1	1	1	0	1	1	1	1	1	0	1	0	0	1	1	1	0	1	1	0	1	1	0	1	1	0	1	1	0	0	1	1	1	1	1	1	1	1	1	0	0	1	1	1	1	1	1	1	1	1	1	0	1	1	1	0	1	1	1	0	1	1	1	1	1	0	1	1	1	1	1	0	0	1	1	a1	1	1	0	1	0	1	1	1	1	1	1	1	0	1	1	1	1	1	1	1	1	1	1	1	1	1	1	1	1	1	1	1	1	1	1
0	1	0	1	1	1	1	0	1	0	1	1	0	1	1	1	1	1	1	1	1	1	1	0	1	1	1	0	1	2	2	2	2	1	0	2	2	2	2	1	a3	0	0	1	2	0	2	2	1	1	2	1	2	0	2	2	2	2	1	1	1	1	1	1	1	1	1	1	1	1	0	1	1	0	1	1	1	1	1	1	1	1	1	1	1	1	1	1	1	0	1	1	1	1	1	1	1	1	1	1	0	0	1	1	0	1	1	1	1	1	1	1	1	1	1	1	1	1	0	1	1	1	0	1	a1	1	1	1	1	1	1	1	1	1	1	0	0	1	1	0	0	1	1	1	0	1	1	1	1	1	1	1	1	0	1	1	1	1	1	0
0	1	1	1	1	1	1	0	1	1	1	1	1	1	1	1	1	0	1	1	1	1	1	1	0	1	1	1	1	0	2	2	1	0	1	0	1	2	1	1	a3	2	2	1	0	2	2	0	2	1	2	0	2	2	1	1	1	1	1	1	0	1	1	1	1	1	0	1	1	1	0	1	1	1	1	0	1	1	1	1	0	1	1	0	1	1	0	0	1	1	1	1	0	1	1	1	1	1	1	0	1	1	1	0	1	0	1	1	1	0	0	1	1	1	1	1	1	1	0	1	1	1	1	1	a1	1	1	1	1	1	1	1	1	1	1	1	1	1	1	1	0	1	0	1	1	1	1	1	1	1	1	1	1	1	1	1	1	1	1	1
1	0	1	1	0	0	1	1	0	1	0	1	1	1	1	0	1	1	1	1	1	1	1	1	1	1	0	1	0	0	2	0	1	1	0	1	2	1	1	2	a3	1	2	2	1	0	2	2	1	1	0	2	2	1	2	1	1	1	1	1	1	1	0	1	1	1	1	1	0	1	1	1	1	1	0	1	1	1	0	1	1	0	1	1	1	1	1	0	0	1	1	0	1	1	0	0	1	1	1	1	1	1	1	1	1	1	1	1	0	0	1	1	1	1	1	1	0	1	0	1	0	1	0	1	a1	1	1	0	0	0	1	1	1	1	0	1	1	1	1	0	1	0	0	1	1	1	1	1	1	1	1	1	1	1	1	1	1	1	1	1
1	1	1	1	1	1	1	1	1	1	1	0	1	1	1	1	1	1	1	1	0	1	0	1	1	0	1	1	0	1	0	2	1	1	1	1	1	1	2	1	a3	2	1	1	1	2	1	2	2	2	1	2	2	1	1	0	1	1	1	0	1	1	1	1	1	1	1	1	1	1	0	1	0	1	1	0	1	1	1	1	1	1	1	1	1	1	1	0	1	1	1	1	1	0	1	1	1	1	1	0	1	0	1	1	1	0	0	1	1	1	0	1	1	1	1	1	0	1	1	1	0	1	1	1	a1	1	1	1	1	1	1	1	1	0	1	1	1	1	1	1	0	1	1	1	1	1	0	1	0	0	0	1	1	1	1	1	1	1	1	1
1	1	1	0	1	1	1	0	1	1	1	1	1	1	1	1	1	1	1	1	1	1	1	1	0	1	1	1	2	2	2	0	2	0	2	2	1	2	2	1	a3	1	0	1	2	1	2	0	1	1	1	1	1	0	1	2	1	1	1	0	1	1	1	1	1	1	1	1	0	1	1	1	1	1	1	1	1	1	0	1	0	1	1	1	1	1	1	1	1	0	1	1	1	1	1	1	1	1	1	1	1	1	0	1	1	1	1	1	1	1	1	1	1	0	1	0	1	1	1	1	1	1	0	1	a1	1	1	1	1	1	1	1	1	1	1	1	1	1	1	0	0	1	1	0	1	1	1	1	1	1	0	1	0	1	1	1	1	1	1	0
1	1	1	1	1	1	0	0	1	1	0	1	1	0	1	0	0	0	1	1	1	0	1	1	0	1	0	1	2	2	1	2	2	2	2	2	2	1	2	1	b3	2	0	2	1	2	1	2	2	2	1	2	1	1	1	0	1	2	0	1	1	1	1	1	0	1	1	1	0	1	1	0	1	0	0	0	1	1	1	1	1	1	1	1	0	1	1	0	1	1	1	1	1	1	1	1	0	1	0	1	1	1	1	1	0	1	0	1	1	1	0	1	1	1	1	1	1	1	0	0	1	0	1	1	a1	1	1	1	1	0	1	0	0	1	1	1	1	1	1	1	1	1	1	1	1	1	1	0	1	1	0	1	1	1	1	0	1	1	1	1
1	0	1	1	1	1	1	0	1	1	0	1	0	0	1	1	1	1	1	0	1	1	1	1	1	0	1	1	0	2	2	0	2	1	2	1	1	2	1	1	b3	2	1	2	1	1	1	1	1	1	2	2	2	1	1	2	0	2	1	0	1	1	1	0	1	1	0	1	1	1	1	1	1	1	1	0	1	1	1	1	1	1	1	1	1	1	1	1	1	0	1	1	1	0	1	1	1	1	1	1	1	1	1	1	1	0	1	1	1	1	1	1	1	1	1	1	1	1	1	1	1	1	1	1	a1	1	1	0	0	1	1	1	0	1	1	1	1	1	1	1	1	1	0	0	1	1	1	1	1	0	0	1	0	1	1	0	0	1	1	1
1	1	1	1	0	1	1	1	1	1	1	1	1	1	1	1	1	1	1	1	1	1	1	1	1	1	0	1	1	1	2	0	0	1	2	2	2	2	2	1	b3	2	2	2	2	0	1	0	1	2	2	0	1	1	2	1	1	1	1	0	1	1	1	1	1	1	1	1	0	0	1	1	1	1	0	1	1	1	1	1	1	0	1	1	0	1	1	1	1	0	1	1	1	1	1	1	1	1	1	1	0	1	1	1	1	1	1	1	1	0	1	1	1	0	1	1	1	1	1	1	1	1	1	0	a1	1	1	1	1	1	1	1	1	1	1	0	1	1	1	1	1	1	1	0	1	1	1	1	1	1	1	1	1	1	1	1	1	1	0	1
1	1	1	1	1	1	0	0	1	0	0	1	1	1	1	1	0	1	1	1	0	1	1	1	1	1	1	0	1	1	2	2	2	2	0	1	2	2	1	1	a3	0	2	1	0	1	1	1	0	0	1	2	2	2	1	0	2	1	1	1	1	1	1	1	1	0	1	1	0	1	1	1	1	0	1	1	1	1	1	1	1	1	1	1	1	0	0	1	1	1	1	1	1	1	1	1	0	1	1	1	0	0	1	1	1	0	0	1	0	1	1	1	1	1	1	1	1	1	1	1	1	1	1	0	a1	1	0	1	0	1	1	0	1	0	0	1	1	0	1	1	1	1	1	1	1	1	1	1	1	1	1	1	1	1	1	0	1	0	1	1
1	1	1	1	1	1	1	1	1	1	1	0	1	1	1	1	1	0	1	1	1	1	1	1	1	1	1	1	2	1	1	0	1	2	1	2	1	2	1	1	a3	2	2	1	0	1	2	0	2	2	2	2	2	2	1	1	0	2	1	1	1	0	0	1	0	1	0	1	1	0	1	0	1	0	1	1	1	1	1	0	1	1	1	1	1	0	1	1	1	1	1	1	1	1	0	1	1	1	1	0	1	1	1	1	1	1	1	1	1	0	1	1	1	1	1	1	1	1	1	0	1	1	0	0	a1	1	1	1	1	1	1	1	1	1	1	1	1	0	1	0	0	0	1	1	1	1	1	0	1	1	0	1	1	1	1	1	0	1	1	1
1	1	1	1	1	1	0	1	0	0	0	1	1	1	0	1	1	0	1	1	1	1	1	0	1	1	0	0	0	0	2	2	1	2	0	1	0	1	1	2	a3	1	1	1	1	0	1	1	2	2	2	0	2	2	1	1	2	2	0	1	1	0	1	1	1	1	1	0	1	1	0	1	1	0	1	1	1	1	1	0	1	0	0	1	0	0	1	1	0	1	1	1	1	1	1	1	1	0	1	1	1	1	1	1	1	1	1	1	1	1	1	0	1	0	1	1	1	1	1	1	0	1	0	1	a1	0	1	1	1	0	1	1	0	1	1	1	0	0	1	1	1	1	1	1	1	1	1	1	0	1	1	1	0	1	1	1	1	0	1	1
1	1	1	0	1	0	1	1	1	1	1	1	1	1	1	1	1	1	1	1	1	1	1	1	1	0	0	1	0	0	2	1	1	2	2	0	0	1	1	1	a3	1	0	1	1	2	0	1	2	2	2	1	0	1	0	1	2	1	0	1	1	1	0	1	1	1	1	1	1	1	1	0	1	0	1	1	1	1	1	1	0	0	1	1	1	1	1	1	1	1	1	1	1	1	1	0	1	1	1	0	1	0	1	1	1	1	1	0	1	1	0	1	1	1	0	1	1	1	1	1	1	1	1	1	a1	1	1	1	1	0	0	0	1	1	1	1	1	1	1	0	0	1	1	0	1	1	0	1	1	1	1	1	1	0	1	1	1	1	1	1
1	1	1	1	1	1	0	1	1	1	1	1	1	1	1	1	1	0	1	0	1	1	0	1	1	0	1	1	2	0	1	1	2	2	0	1	0	0	1	1	a3	2	1	1	1	1	2	1	1	1	1	0	2	2	1	1	1	1	1	1	1	1	1	1	0	1	1	1	1	1	1	1	1	1	0	1	1	1	1	1	1	1	1	1	0	1	1	1	1	1	1	1	1	0	1	1	1	1	1	1	1	1	1	1	1	1	1	1	1	1	1	1	1	1	0	0	1	1	1	0	1	0	1	1	a1	1	1	1	0	1	1	1	1	1	1	1	1	1	0	1	0	0	1	0	1	0	1	1	1	1	0	1	1	1	1	1	1	1	1	1
1	1	1	1	1	0	1	0	1	1	1	1	1	1	0	1	1	1	1	1	0	1	1	0	1	0	0	1	0	1	2	2	1	2	1	2	0	0	2	0	b3	2	2	2	2	2	2	1	2	1	0	1	2	1	2	2	0	0	1	1	1	1	0	1	1	1	0	1	1	1	1	1	1	1	1	0	1	1	1	1	0	1	1	1	1	1	0	0	1	1	1	1	1	0	0	0	1	1	1	1	1	1	1	1	1	1	1	0	1	1	1	1	0	1	0	0	1	1	1	1	1	1	1	0	a1	0	1	1	1	1	0	1	0	0	1	1	0	1	1	1	1	1	1	1	0	1	1	1	0	1	0	1	1	1	1	0	1	1	0	1
1	1	0	1	1	1	0	1	0	1	1	1	1	1	1	0	1	1	1	1	0	0	1	1	0	1	1	1	1	2	1	1	0	1	0	1	2	0	2	2	b3	1	2	1	1	1	1	1	2	0	1	2	2	1	1	2	2	1	1	1	1	1	1	0	1	1	0	1	1	1	0	1	0	1	1	1	1	1	1	1	1	0	0	1	0	1	1	1	1	0	1	1	1	0	1	1	1	1	1	0	1	1	1	1	1	1	1	1	1	1	1	1	1	1	1	1	1	1	0	1	1	1	1	0	a1	1	1	1	1	0	1	1	1	1	1	1	1	1	1	1	0	1	1	1	1	1	1	1	1	1	1	1	1	1	1	1	0	1	1	1
0	1	0	1	1	1	1	1	0	1	1	0	0	0	1	1	1	1	1	0	1	1	1	1	1	1	1	1	1	2	2	2	1	1	1	2	2	1	2	1	b3	2	1	2	2	2	1	1	2	2	1	1	2	1	1	0	1	2	1	0	1	1	1	1	1	1	1	1	1	1	1	1	1	1	1	0	1	1	1	1	1	1	0	1	1	1	1	1	1	1	1	1	1	1	1	1	1	1	1	1	1	1	1	1	1	1	1	1	1	1	1	0	1	1	1	1	1	1	1	1	1	0	1	0	a1	1	1	1	1	1	1	1	1	1	1	1	1	1	1	1	0	1	1	1	1	1	1	0	1	1	1	1	1	0	1	1	1	1	0	1
0	1	1	1	1	1	1	1	1	1	0	1	1	1	0	1	1	0	1	0	1	1	1	1	1	0	1	1	2	1	2	2	2	0	2	0	1	2	0	1	b3	2	1	2	2	2	1	2	2	1	0	0	2	1	0	2	2	2	1	1	1	1	1	1	1	1	1	1	1	1	0	0	1	1	1	1	1	0	0	1	1	1	1	0	1	0	1	1	1	1	1	1	1	1	1	1	0	0	1	1	0	1	1	1	1	1	0	1	0	1	1	1	0	0	1	1	1	1	1	1	1	1	0	1	a1	1	1	1	1	1	0	1	1	1	0	0	1	1	1	1	1	1	1	1	1	1	0	1	1	1	1	1	1	1	0	1	1	1	1	1
1	1	1	1	1	1	1	0	1	1	1	1	1	1	0	0	1	1	1	1	1	0	1	1	0	1	1	0	2	2	1	2	1	1	1	2	1	0	2	2	a3	0	0	2	0	2	2	1	1	0	2	1	1	1	0	2	1	1	1	0	0	1	1	1	1	0	1	1	0	1	1	1	1	1	1	1	1	1	0	1	1	1	1	0	1	1	0	1	1	1	1	1	1	0	1	0	0	1	1	0	1	1	1	1	1	1	1	1	1	1	0	1	1	1	1	0	1	1	1	1	1	1	1	1	a1	0	1	1	0	1	0	1	1	1	1	1	1	0	1	1	0	1	1	1	1	1	0	1	1	0	1	1	1	1	0	0	1	1	1	1
0	1	1	1	1	1	1	1	1	0	1	1	0	1	0	1	0	1	1	0	1	0	1	1	0	1	1	0	2	2	1	0	0	2	1	2	1	2	1	2	b3	2	2	1	2	2	2	0	2	2	2	1	2	2	2	1	2	2	0	1	1	1	1	1	1	1	0	1	1	1	1	0	0	1	1	1	1	1	1	1	1	0	1	1	1	0	1	1	1	0	0	1	1	0	1	0	1	1	1	1	1	0	1	1	1	0	0	1	1	1	1	0	1	1	1	1	1	1	1	1	1	1	1	1	a1	1	1	1	1	1	0	1	1	1	0	1	0	1	1	0	1	1	1	0	1	1	1	1	0	1	1	1	1	1	1	1	1	1	1	1
1	1	0	1	1	1	1	1	0	1	1	1	1	0	1	1	1	1	1	1	0	1	1	1	1	1	0	1	2	0	1	1	2	0	2	1	1	0	1	1	b3	2	2	0	1	1	2	2	1	2	2	1	0	1	1	1	1	2	1	1	1	1	1	1	1	1	1	0	0	1	1	1	1	1	1	1	1	1	0	1	1	1	0	1	1	1	1	1	1	1	1	1	1	0	1	1	1	1	1	1	0	1	1	1	0	0	1	1	1	1	1	1	1	1	1	0	1	1	1	1	1	1	1	1	a1	1	1	1	1	1	0	1	1	1	1	0	1	1	1	1	1	0	1	1	1	1	1	1	1	1	0	1	1	1	1	0	0	0	1	1
1	1	1	1	1	1	0	0	1	1	1	1	0	1	1	1	1	1	1	1	1	1	1	1	1	1	1	1	1	2	2	1	2	2	2	1	2	1	1	1	a3	a3	a3	b3	a3	a3	b3	a3	a3	a3	a3	a3	a3	b3	a3	a3	b3	b3	a3	a3	a3	0	1	1	1	1	1	1	1	1	1	1	1	1	1	1	1	1	1	0	0	1	1	1	1	0	1	1	1	1	1	1	1	0	1	1	1	1	1	1	1	0	1	1	1	1	0	1	1	1	1	0	1	1	1	1	1	1	1	1	0	0	1	1	a1	1	1	1	1	1	0	1	1	1	0	0	1	1	0	1	1	1	0	1	1	1	1	1	1	1	1	1	1	1	0	1	0	0	1	1
0	1	1	0	1	1	1	1	1	1	1	1	0	1	1	0	1	1	0	1	1	1	0	0	0	0	1	1	2	0	2	1	2	2	1	1	1	1	1	2	1	1	1	1	1	1	1	0	1	2	1	1	1	2	1	1	0	2	1	0	a3	1	1	1	1	1	1	1	1	1	0	1	1	1	0	1	1	1	0	1	1	1	1	1	1	1	0	1	1	0	1	1	1	0	1	0	0	1	1	0	1	1	1	1	1	1	1	1	1	1	1	1	1	0	1	1	1	0	1	0	1	1	1	1	a1	1	1	0	1	0	1	1	1	1	1	1	1	1	1	1	1	0	1	0	0	1	1	1	1	1	1	1	1	1	1	0	1	1	1	1
1	1	0	1	0	1	1	1	1	1	1	1	1	1	1	1	1	1	1	0	0	1	1	1	1	1	1	1	2	2	0	2	0	2	1	1	2	1	1	2	0	2	0	2	2	1	2	0	2	2	2	1	1	2	0	2	2	1	1	0	a3	1	1	1	1	1	1	1	1	1	1	1	0	1	1	0	1	1	1	1	1	0	1	1	0	1	0	0	0	1	0	1	1	1	1	1	1	1	1	1	1	1	1	1	1	1	0	1	0	1	0	1	0	1	1	1	1	0	1	1	1	0	1	1	a1	1	1	1	1	1	1	1	1	1	0	1	1	1	1	1	1	1	1	1	1	1	1	1	0	1	1	0	1	1	1	1	1	1	1	0
1	1	1	1	1	1	0	1	1	1	0	1	0	1	0	0	1	1	1	1	0	1	0	0	1	0	1	1	1	2	1	1	2	2	2	1	2	0	1	1	2	0	2	0	1	2	1	1	2	2	1	1	1	2	2	1	1	1	1	1	a3	1	1	1	0	1	1	1	1	0	0	1	1	0	1	1	1	1	1	0	1	0	0	1	1	1	0	1	1	1	0	0	1	1	1	1	1	1	0	1	1	1	0	1	1	1	0	1	1	1	1	1	1	1	1	1	1	1	1	1	1	0	1	1	a1	1	0	1	1	1	0	1	1	1	1	0	1	1	1	1	1	1	1	0	0	0	1	1	1	1	1	1	0	1	1	1	1	1	0	1
1	1	1	1	1	0	1	0	1	1	1	1	1	1	0	1	1	1	1	1	1	1	1	1	1	1	1	1	2	1	2	0	2	2	1	2	1	2	1	1	0	1	1	1	0	1	2	1	2	2	1	2	1	2	0	2	1	2	0	0	a3	1	1	1	0	1	1	1	1	1	1	1	1	1	1	0	1	1	0	1	1	1	1	1	1	1	1	1	1	1	1	1	1	1	0	1	1	1	1	1	1	1	1	0	1	1	1	1	0	1	1	1	1	1	0	1	1	1	1	1	1	0	1	1	a1	a1	a1	a1	a1	a1	a1	a1	a1	a1	a1	a1	a1	a1	a1	a1	a1	a1	a1	a1	a1	a1	a1	a1	a1	a1	a1	a1	a1	a1	a1	a1	a1	a1	a1	a1
1	1	0	0	1	1	0	1	1	1	1	1	0	1	0	1	0	0	1	1	0	1	1	1	1	1	1	0	0	1	2	2	0	1	2	1	2	1	2	2	0	2	1	1	1	1	1	0	2	2	1	1	1	0	1	0	2	1	1	0	a3	0	1	1	1	1	1	0	0	1	1	1	1	1	1	1	0	0	1	0	1	1	1	1	1	0	1	0	1	1	1	1	1	1	1	0	1	1	1	1	0	1	1	1	1	1	1	1	1	1	1	1	1	1	1	1	1	1	1	1	1	0	1	0	1	1	1	1	0	1	1	1	1	1	1	1	1	1	0	1	1	1	1	1	1	1	1	1	1	1	1	1	1	1	1	1	1	1	1	1
1	1	1	1	1	1	1	1	0	1	1	0	0	1	1	1	0	1	0	1	1	1	1	0	1	1	1	1	1	2	2	2	1	2	2	1	1	1	0	1	2	1	0	0	1	2	2	1	2	1	0	0	2	1	2	1	2	2	1	1	a3	0	1	0	1	1	0	1	1	1	1	1	1	1	1	1	1	1	1	1	1	1	1	1	1	0	1	0	1	1	0	1	1	0	1	1	1	1	1	0	1	1	1	1	1	1	0	0	1	0	1	0	1	1	1	1	1	1	1	1	0	1	1	1	0	1	1	1	1	1	1	0	1	1	1	0	1	0	1	1	1	0	1	1	0	1	1	1	1	1	1	1	1	1	1	1	1	1	1	1
1	1	1	1	1	1	1	1	1	0	1	1	1	1	0	1	1	1	1	1	1	1	1	1	1	0	1	0	1	1	1	2	2	1	2	2	0	2	2	1	0	2	0	1	2	1	1	0	0	1	0	2	1	0	2	2	2	1	0	1	a3	1	1	1	1	1	1	0	1	1	1	1	1	0	1	1	0	1	0	1	0	1	1	1	1	1	1	1	1	0	1	0	0	1	1	1	0	1	0	1	1	1	0	1	1	1	1	1	1	1	0	0	1	1	1	1	1	0	1	1	1	1	1	1	0	1	1	1	1	1	1	1	1	1	1	0	1	1	1	1	0	1	1	1	1	1	1	1	1	0	1	1	0	1	1	0	1	0	1	1
1	1	1	1	1	1	0	0	1	0	1	0	1	0	1	1	1	1	1	1	1	1	1	1	1	0	1	1	2	1	2	2	2	2	1	0	1	1	0	2	2	2	1	2	1	2	1	1	2	0	1	1	1	1	1	0	0	1	1	1	a3	1	0	0	1	1	1	1	1	1	1	0	1	1	1	1	1	1	1	1	0	1	0	0	1	1	1	1	1	1	1	0	0	0	0	1	1	0	1	1	1	1	1	0	1	1	1	0	1	1	1	1	1	0	1	1	1	1	1	0	0	0	0	1	0	0	0	1	1	1	0	1	1	1	1	1	0	1	1	1	1	1	1	1	1	0	1	1	1	0	1	1	1	1	1	1	1	0	1	1
1	1	1	1	1	1	1	1	1	1	1	1	1	1	1	1	0	1	1	1	1	0	1	1	1	1	1	1	1	1	1	1	1	2	1	0	1	2	0	2	1	2	1	1	1	1	2	2	1	1	0	0	2	1	0	2	2	2	1	1	a3	0	1	1	0	1	1	0	1	1	1	1	1	0	1	1	1	1	1	1	0	1	0	0	1	0	1	1	0	1	1	1	1	1	1	1	1	1	1	1	0	1	1	1	1	1	1	1	1	1	0	1	0	1	1	0	1	1	0	0	0	1	1	1	1	1	1	1	0	1	1	1	1	1	1	1	1	1	1	1	1	1	1	1	1	0	1	1	1	1	1	1	1	1	1	1	1	1	1	0
0	1	1	1	1	1	1	1	1	0	1	1	1	1	1	1	1	1	1	1	0	1	1	1	1	0	1	1	1	0	1	0	1	1	1	1	1	1	1	1	1	0	1	1	1	0	1	1	1	1	1	1	1	0	1	1	1	1	1	1	a3	1	1	1	1	0	1	0	1	1	1	1	1	1	1	0	1	0	1	1	1	1	1	1	1	1	1	1	1	0	0	1	1	1	0	1	1	1	1	1	0	1	1	1	1	1	0	1	1	0	1	0	1	1	0	1	1	1	1	1	0	1	0	1	1	1	1	0	1	1	0	1	0	1	1	1	1	1	1	1	1	1	1	1	1	1	1	1	1	1	0	1	1	1	1	1	1	1	1	1
1	1	1	1	1	1	1	1	1	1	1	0	1	1	1	0	1	1	1	1	1	1	0	1	1	1	1	0	1	0	0	1	1	0	1	1	1	1	1	1	1	1	1	1	1	1	1	1	1	0	1	1	1	1	1	1	1	1	1	1	a3	1	1	0	1	1	1	1	1	0	1	1	1	0	1	1	1	1	1	1	1	1	1	1	0	1	1	0	1	1	0	0	1	1	1	1	1	1	0	1	1	1	1	1	1	1	1	1	1	1	1	1	1	0	1	1	1	1	1	1	1	1	1	1	1	1	1	1	0	1	1	1	0	1	0	0	1	0	1	1	1	1	1	0	1	1	0	1	1	1	1	1	1	1	1	1	0	1	1	0
1	1	0	0	1	1	1	1	0	1	0	0	1	1	0	1	1	1	1	1	1	0	1	1	1	1	0	1	0	1	1	1	1	1	0	1	1	1	1	1	0	1	1	1	1	1	1	0	1	1	1	1	1	1	1	1	1	0	1	1	a3	1	0	1	1	1	1	1	1	1	1	1	1	1	1	1	1	0	1	0	1	1	1	0	1	1	0	1	1	1	0	1	1	1	1	1	1	0	0	1	1	1	1	1	1	1	1	1	1	1	1	1	1	0	1	1	1	1	1	1	0	1	1	1	1	1	1	1	1	1	1	1	1	1	1	0	1	1	1	1	1	0	1	1	1	0	1	1	1	1	1	0	1	1	1	1	1	1	1	1
1	1	1	1	1	1	1	1	1	1	1	1	0	1	0	0	1	1	1	1	1	1	1	0	0	1	0	1	1	1	1	1	1	1	0	0	1	0	1	1	1	1	1	1	1	1	0	0	1	0	1	0	1	1	1	1	1	1	1	0	a3	0	1	1	1	1	0	1	1	1	1	1	1	1	1	1	1	1	0	0	1	0	1	1	1	1	1	1	0	1	1	1	0	1	1	1	1	1	1	1	1	1	1	0	1	1	1	1	0	1	1	1	1	1	1	1	1	1	1	1	1	1	1	1	0	1	0	1	1	1	0	1	1	1	1	1	1	1	1	0	1	1	1	1	1	0	1	1	1	1	1	1	1	0	1	1	0	1	1	1
1	0	1	1	1	1	1	1	0	1	1	1	1	1	0	1	1	1	0	1	0	1	1	1	0	1	1	1	1	1	1	0	1	1	1	0	1	1	1	1	1	0	1	1	1	0	1	1	1	1	1	1	1	1	1	1	1	1	1	1	a3	1	1	1	1	0	1	1	0	1	1	0	1	1	1	1	1	1	1	1	0	1	1	1	1	1	0	1	1	1	1	1	1	1	1	1	0	1	0	1	1	1	1	1	1	1	1	1	1	1	1	1	1	1	1	1	1	1	1	0	0	0	1	1	1	0	0	0	1	1	1	0	1	0	1	1	1	1	1	1	1	1	1	1	1	1	1	1	1	1	1	1	1	1	1	1	1	1	1	1
1	1	1	1	1	1	1	1	1	0	1	1	1	1	1	1	1	1	1	1	1	1	0	1	0	1	1	1	0	1	1	1	0	1	0	1	1	1	1	1	0	1	1	1	1	1	1	1	1	1	1	1	1	1	1	1	0	1	1	0	a3	1	1	1	1	1	1	1	0	1	1	1	1	1	1	1	0	0	1	1	1	1	1	1	1	1	1	1	1	0	0	0	1	1	0	1	1	0	1	1	1	1	1	1	1	1	1	0	1	1	1	1	1	1	1	1	1	1	1	1	1	1	1	1	1	1	1	1	1	1	1	0	0	1	1	1	1	1	1	1	1	0	1	1	1	1	1	1	1	1	1	1	0	1	1	1	1	1	1	0
1	1	1	1	1	1	1	1	1	0	1	1	1	1	1	1	1	1	1	1	1	0	1	1	1	1	1	1	1	1	0	1	1	1	1	0	1	1	1	0	1	1	1	1	1	1	1	0	1	1	1	1	1	0	1	0	1	1	1	1	a3	1	1	0	1	1	1	0	1	1	1	1	1	1	1	1	1	0	1	0	1	1	1	1	0	1	1	1	1	1	1	1	1	1	1	1	0	0	1	1	1	0	1	0	1	0	1	1	1	1	1	1	1	1	1	0	0	1	1	1	0	1	1	0	1	0	1	1	1	0	1	1	1	1	1	1	1	0	0	1	1	1	1	1	1	1	1	1	0	0	1	1	1	1	1	1	1	1	1	1
0	0	1	1	0	1	1	1	0	1	0	1	1	1	1	1	1	0	0	1	1	1	1	1	1	1	1	1	1	1	1	1	1	1	1	1	1	1	1	1	1	1	1	1	0	0	1	0	1	0	1	0	1	1	1	0	0	1	1	1	a3	1	1	1	1	1	1	1	1	1	1	1	1	1	0	1	0	1	1	1	1	1	1	0	1	1	0	0	1	0	1	1	1	1	1	0	1	1	1	1	1	1	1	0	1	1	1	1	0	1	1	1	1	1	1	1	1	1	1	1	1	0	1	1	1	1	1	1	1	1	1	1	1	1	1	1	1	1	1	0	1	0	1	1	1	0	1	1	1	1	1	1	1	1	1	1	1	1	1	0
1	1	0	0	1	1	1	1	0	0	1	1	1	1	1	1	1	1	1	1	0	1	1	1	1	0	1	1	1	0	1	0	0	1	0	1	0	1	1	0	1	0	1	1	1	1	1	1	1	0	1	1	1	1	1	1	1	1	1	1	a3	1	0	1	1	1	1	1	1	1	1	1	0	1	1	1	1	1	1	1	1	1	1	0	1	1	1	1	0	0	1	1	1	1	1	1	0	0	1	1	1	1	1	1	1	1	1	0	0	1	1	1	1	1	1	1	1	1	0	1	1	1	0	1	1	1	1	0	1	1	1	1	0	1	1	1	1	1	0	0	1	0	1	1	1	0	1	1	1	1	1	1	1	1	1	0	1	1	1	1
0	1	1	1	1	1	0	1	1	1	1	1	1	1	1	1	1	0	1	1	1	1	1	1	1	1	1	1	1	1	1	1	1	0	1	0	1	1	1	1	1	0	1	0	1	1	1	0	1	0	1	0	1	1	1	1	0	1	1	1	a3	1	1	0	1	0	1	1	0	1	1	1	1	1	1	1	1	0	1	1	1	0	1	1	1	1	0	1	1	1	1	1	1	1	1	1	1	1	1	1	1	1	1	1	1	1	1	1	1	0	1	1	1	1	1	1	1	0	1	1	1	1	1	1	1	1	1	1	1	1	1	0	0	1	1	0	1	1	0	1	1	1	1	1	1	1	0	1	1	0	1	1	0	1	0	1	1	1	1	1
a3	a3	a3	a3	a3	a3	a3	a3	a3	a3	a3	a3	a3	a3	a3	a3	a3	a3	a3	a3	a3	a3	a3	a3	a3	a3	a3	a3	a3	a3	a3	a3	a3	a3	a3	a3	a3	a3	a3	a3	a3	a3	a3	a3	a3	a3	a3	a3	a3	a3	a3	a3	a3	a3	a3	a3	a3	a3	a3	a3	a3	0	1	1	1	1	1	1	1	0	1	1	1	0	0	1	1	1	0	1	1	0	0	1	1	1	1	1	0	1	1	1	0	1	1	1	1	1	1	1	1	1	1	1	0	1	1	1	1	1	1	1	1	1	1	0	1	1	1	1	1	1	1	1	1	0	1	0	1	1	1	1	1	1	1	0	0	1	1	1	1	0	1	1	1	1	1	1	1	1	0	1	1	1	1	1	1	1	1	1
1	1	0	1	1	0	1	1	1	1	1	1	1	1	1	0	1	1	1	1	1	1	0	1	1	0	1	1	1	1	1	1	1	1	1	0	1	0	1	1	0	1	1	1	0	1	1	1	1	0	1	1	1	0	1	1	1	0	0	1	1	1	1	1	1	1	0	1	1	1	1	1	1	1	1	1	1	1	1	1	0	1	0	1	1	0	1	1	1	1	1	0	1	1	1	1	1	1	0	0	1	1	1	1	1	1	1	1	1	1	1	1	1	1	0	1	1	0	1	1	1	1	1	1	1	1	1	1	0	1	0	1	1	1	0	1	1	1	0	1	1	1	1	1	1	1	1	1	1	1	1	1	0	1	0	1	1	1	1	1
1	0	1	1	0	1	1	1	1	1	1	1	1	1	0	1	1	1	1	1	1	0	1	0	1	1	1	1	1	1	1	1	1	1	1	0	0	1	1	1	1	1	1	1	0	0	1	1	1	1	1	1	1	1	1	1	1	0	1	0	1	1	1	1	1	1	1	1	1	1	0	1	1	1	1	1	1	0	1	1	1	1	0	1	1	1	1	1	1	1	1	1	1	1	1	1	0	1	0	1	0	1	1	0	1	1	1	0	1	1	1	1	1	0	1	1	0	0	1	1	1	1	1	1	0	1	1	1	0	1	1	1	1	1	1	1	1	1	1	1	1	0	1	0	0	1	1	1	1	0	1	1	1	1	1	1	0	0	1	1
1	1	1	0	1	1	0	1	1	1	0	1	0	1	1	1	0	1	0	1	1	1	0	1	1	1	1	1	0	1	1	1	0	1	1	1	1	1	1	1	1	0	0	0	1	1	0	0	1	1	1	1	0	1	1	1	1	1	0	0	1	0	0	1	1	1	1	1	0	0	1	1	1	1	1	1	0	1	0	0	1	1	0	1	1	1	0	0	1	1	1	1	1	1	1	1	0	0	1	1	0	1	0	1	0	0	1	1	0	1	1	0	1	0	1	1	0	0	0	1	1	1	1	1	1	1	1	1	1	1	1	1	1	1	1	1	1	1	a2	a2	a2	a2	a2	a2	a2	a2	a2	a2	a2	a2	a2	a2	a2	a2	a2	a2	a2	a2	a2	a2
1	1	1	0	1	1	1	1	1	0	1	1	1	1	1	1	1	0	1	0	1	1	1	0	1	1	1	0	1	1	1	0	1	1	1	1	1	1	0	1	1	1	1	1	1	1	1	1	1	1	1	1	1	1	1	1	1	1	1	1	1	1	1	1	1	1	1	1	1	1	1	1	0	1	1	1	1	0	0	0	1	1	1	0	1	1	1	1	1	1	1	1	0	0	1	1	1	1	1	1	1	1	1	1	0	0	1	0	2	2	1	1	1	2	1	2	0	1	1	1	2	1	0	1	0	1	2	1	0	1	2	1	2	2	0	2	0	1	a2	1	0	1	1	1	0	1	1	1	1	1	1	1	1	1	1	1	1	1	1	1
1	1	1	1	1	1	1	0	1	1	1	1	1	0	1	0	0	1	1	1	0	1	1	1	1	1	0	1	1	1	1	0	1	1	1	1	1	0	0	0	0	1	1	0	1	1	1	1	1	1	1	1	1	1	1	0	0	1	1	1	1	1	1	1	1	1	0	1	1	1	1	1	1	0	1	1	1	1	1	1	1	1	0	1	1	1	1	1	0	1	1	1	1	1	1	1	1	1	0	1	1	1	1	1	1	1	1	1	2	2	0	0	2	2	0	2	2	0	0	1	0	2	2	0	0	1	2	1	1	2	2	2	2	2	0	2	2	2	a2	1	1	1	1	0	1	0	1	1	1	1	0	0	0	1	1	1	0	0	1	1
1	1	1	1	0	1	1	0	1	1	0	1	1	1	1	1	1	1	1	1	1	1	0	1	1	1	1	1	1	1	1	1	1	0	1	1	0	1	1	0	0	1	1	1	1	1	0	0	1	1	0	1	1	1	1	1	1	1	0	1	1	1	0	1	1	1	0	1	1	1	1	0	1	1	1	1	0	1	1	1	1	1	1	1	0	1	0	1	1	1	1	1	1	1	0	1	1	1	0	0	1	0	1	0	1	0	1	1	1	1	1	1	0	1	2	1	0	1	0	1	2	1	2	0	2	0	2	0	1	2	2	2	2	1	1	1	2	0	a2	0	1	0	1	0	1	0	1	1	1	1	1	0	1	1	1	1	1	1	0	1
1	0	1	1	1	1	1	1	1	0	0	1	1	1	1	1	1	1	1	1	1	1	0	1	1	1	1	1	1	1	1	1	1	1	1	1	1	1	1	1	1	0	1	1	1	0	0	1	0	1	1	1	1	1	1	1	1	1	1	1	1	1	1	1	1	1	1	1	1	1	1	1	1	1	1	0	1	1	1	1	1	1	1	1	0	1	1	1	1	1	1	1	1	1	1	0	1	1	1	1	1	0	1	1	1	1	1	1	1	0	2	1	1	0	2	2	1	0	2	2	2	1	1	1	2	2	0	0	1	2	1	0	1	2	1	1	1	1	a2	0	1	1	0	1	1	1	1	0	1	1	1	1	1	1	1	1	1	1	0	1
1	1	1	1	1	0	0	1	1	1	1	1	0	1	0	1	0	1	1	1	1	1	0	0	1	0	1	1	1	1	0	1	1	0	0	1	0	1	1	1	0	1	1	1	1	1	1	1	0	1	1	1	0	1	0	0	0	1	1	1	1	0	1	0	1	1	1	0	1	1	0	1	1	1	1	1	0	1	1	1	1	1	0	1	1	1	1	1	1	0	1	1	1	1	1	0	1	1	1	0	1	0	1	1	1	1	1	1	2	2	2	2	1	2	2	2	1	1	1	0	1	1	1	1	2	2	0	2	2	1	2	1	1	1	1	0	0	1	a2	0	1	1	1	1	0	1	1	1	0	1	0	1	1	1	1	0	1	1	1	0
1	1	0	1	1	1	1	0	1	1	1	1	1	1	1	1	1	1	1	1	0	1	1	0	1	1	1	1	1	1	1	1	1	1	1	1	1	1	1	1	1	1	1	1	1	1	1	1	1	1	1	0	1	1	1	1	1	1	1	0	0	1	1	1	1	0	1	1	1	1	1	1	0	1	1	1	1	1	1	0	1	0	1	1	1	1	0	1	1	1	1	1	1	1	1	1	1	1	1	1	0	1	1	1	1	1	1	1	2	2	1	1	2	1	0	0	2	2	1	1	2	1	2	2	1	1	1	2	2	1	1	0	1	2	2	0	2	0	a2	1	1	1	1	1	1	1	1	1	1	1	1	1	1	1	1	1	0	1	1	1
0	1	1	1	0	1	1	1	1	1	0	1	1	1	1	0	1	1	1	0	1	1	1	1	0	0	1	1	1	1	1	1	1	1	1	1	1	0	1	0	1	1	1	0	1	1	1	1	0	0	1	1	1	1	0	0	1	1	0	1	1	1	1	1	0	1	1	1	1	1	0	1	1	1	1	1	1	1	1	1	2	2	1	2	1	1	1	1	1	2	2	0	1	2	2	1	2	1	2	2	2	2	2	2	0	2	0	2	2	1	0	1	1	1	1	1	2	2	1	2	1	2	2	2	1	2	0	1	1	2	2	1	2	1	0	1	1	1	a2	1	1	1	1	0	1	0	1	1	1	1	1	1	1	1	0	1	1	1	1	1
1	1	1	1	1	1	1	1	1	1	1	0	1	0	0	1	1	1	1	1	1	1	1	1	1	1	1	1	1	1	1	1	1	1	1	1	1	0	1	1	1	1	1	1	1	1	1	1	1	1	0	1	0	1	1	1	1	1	0	1	1	0	1	0	0	1	1	0	1	0	0	1	1	0	1	0	1	0	1	1	2	1	0	1	1	0	1	0	2	1	1	0	0	2	1	1	2	0	0	0	2	0	1	1	0	1	1	2	2	2	1	2	2	2	1	1	2	1	1	1	2	2	1	1	2	2	1	2	2	1	2	2	2	1	2	0	0	2	a2	1	1	1	1	0	1	1	1	1	1	1	0	1	1	0	0	1	1	1	0	0
1	1	1	0	1	0	1	1	1	1	1	1	1	1	1	0	1	1	1	1	1	1	1	1	1	1	0	1	0	1	1	1	1	1	1	1	1	1	1	1	1	0	0	1	1	1	1	1	1	0	1	1	1	1	1	1	1	1	1	0	1	0	1	0	1	0	0	1	1	1	1	1	1	1	1	1	1	1	1	1	1	1	2	2	0	1	2	2	2	1	1	2	2	1	2	2	2	1	1	1	2	2	1	2	1	2	2	2	2	2	1	2	1	1	2	1	2	2	2	0	2	1	0	2	1	2	1	1	2	1	0	2	1	2	1	0	2	1	a2	0	1	0	1	1	1	0	1	1	1	1	1	1	1	1	1	1	1	0	1	1
1	1	1	1	1	1	1	1	1	1	1	1	1	1	1	1	1	1	0	1	1	1	1	1	0	1	0	1	0	1	1	1	1	0	0	1	1	1	0	1	1	0	1	1	1	1	1	1	1	1	0	1	1	1	1	1	1	1	1	0	1	0	1	0	1	1	1	1	1	1	1	1	1	1	1	1	0	1	1	1	2	1	1	1	2	2	1	0	2	0	2	0	2	0	1	1	2	1	1	2	0	1	2	1	1	2	1	2	1	2	0	2	0	2	0	1	1	1	1	1	0	1	2	0	0	1	2	0	2	0	0	2	2	2	0	2	0	1	a2	1	1	0	1	1	0	1	1	1	1	1	1	1	1	1	0	1	1	1	1	1
1	1	1	1	1	1	0	0	0	1	0	1	0	0	0	1	1	0	1	1	1	1	1	1	1	1	1	1	1	1	1	1	1	1	1	0	1	1	1	1	1	1	1	1	1	1	1	1	0	1	1	1	0	0	1	1	1	1	1	1	1	1	1	1	1	1	0	1	0	1	1	1	1	1	1	0	1	0	1	1	2	2	1	2	1	2	0	1	0	2	1	2	1	2	2	2	1	1	1	1	1	0	1	2	1	1	2	2	0	2	1	1	1	1	2	1	2	0	2	2	1	0	1	1	2	0	2	2	1	2	2	1	0	0	0	2	2	1	a2	1	1	1	0	1	1	1	1	1	1	1	0	1	1	1	0	1	1	1	1	1
2	2	2	2	1	0	2	0	0	1	1	1	2	2	1	1	2	1	1	2	2	1	1	1	2	0	1	2	1	2	1	1	1	1	1	1	0	1	1	0	1	0	0	1	1	1	1	1	1	1	0	1	1	1	1	0	1	1	1	1	1	1	0	1	1	0	1	1	1	1	1	0	1	1	0	1	1	1	1	0	2	0	2	2	0	1	1	0	1	2	0	2	2	1	2	2	2	1	2	1	0	2	2	2	0	2	2	2	2	2	0	2	1	2	0	0	0	2	0	0	2	2	1	1	1	2	2	1	2	2	1	2	1	1	2	2	0	2	a2	0	1	0	1	1	1	1	1	0	0	1	1	1	0	1	0	1	1	0	1	1
2	1	0	0	1	2	1	2	1	1	1	1	2	2	2	2	1	2	2	1	0	1	1	0	1	2	2	2	1	1	1	0	1	1	1	0	1	1	1	1	0	1	0	1	0	1	1	1	1	1	1	1	0	1	0	1	1	1	1	1	1	1	1	1	1	1	1	1	1	0	0	1	1	0	1	1	1	1	1	1	1	2	1	0	2	2	2	0	1	0	1	2	1	2	2	0	1	2	0	1	1	0	1	1	1	1	2	1	1	1	1	2	1	2	2	1	2	0	1	0	0	2	0	2	2	0	1	2	2	2	0	1	2	2	2	1	2	1	a2	1	0	0	1	1	0	1	1	1	1	1	1	1	1	1	0	1	1	1	0	1
1	1	1	1	0	2	2	2	1	1	1	2	0	2	2	2	1	1	2	1	1	1	1	2	0	2	1	2	1	1	1	1	1	1	1	1	0	1	1	1	1	1	1	1	1	1	1	1	0	1	1	1	1	1	1	1	1	1	1	1	1	1	1	1	1	1	1	1	0	1	1	1	1	1	1	1	1	1	0	1	1	2	2	2	2	0	1	1	1	0	2	2	1	2	2	1	1	0	2	1	0	1	0	2	0	0	1	1	2	2	2	2	1	1	2	1	1	0	0	1	2	1	2	1	1	2	0	2	2	0	2	0	2	0	0	2	0	1	a2	1	1	1	1	1	1	1	1	1	1	1	1	1	1	1	1	1	1	0	0	1
1	2	1	2	0	0	2	2	2	1	2	1	2	1	1	1	0	1	2	1	2	2	1	1	1	2	1	2	0	0	1	1	1	1	1	1	1	1	1	1	1	1	1	0	1	1	1	1	0	1	1	1	1	1	1	0	0	1	1	0	1	1	1	1	1	1	1	1	1	1	0	1	1	1	0	1	1	1	1	1	2	1	1	1	1	1	0	1	2	1	0	0	2	1	2	1	1	1	1	1	1	2	1	1	1	2	2	2	0	2	1	1	2	1	0	2	0	2	2	1	1	2	2	1	2	2	2	0	2	2	2	1	1	1	1	2	0	1	a2	0	1	0	0	0	1	0	1	0	0	1	1	1	1	1	1	1	1	1	1	1
2	1	0	2	2	1	2	2	2	2	2	1	1	1	2	1	1	0	0	2	1	2	1	2	1	1	0	1	1	1	1	1	1	1	1	1	1	1	1	0	1	1	1	1	0	1	1	0	1	0	1	1	1	1	1	1	1	0	1	1	1	1	0	1	1	0	1	0	1	1	1	1	1	1	1	1	1	0	0	1	2	1	1	2	0	2	2	0	0	2	0	1	0	2	1	2	1	2	2	2	0	1	0	2	2	1	2	2	2	1	1	0	1	2	0	0	1	1	2	1	2	0	2	2	0	0	0	0	2	2	2	1	0	0	2	2	2	1	a2	1	1	1	1	1	0	1	1	1	0	1	1	1	1	1	1	1	1	1	0	0
2	2	2	0	1	1	0	2	0	1	1	0	1	2	0	2	1	1	2	0	1	2	2	2	2	1	2	1	2	2	1	0	1	1	1	1	1	1	1	1	1	1	1	1	1	1	1	0	1	0	1	1	1	1	1	1	1	1	1	1	1	1	1	1	0	1	1	0	1	0	1	1	1	1	1	0	1	1	1	1	1	1	2	2	2	1	1	2	2	2	1	1	2	1	2	1	1	0	1	2	2	2	2	0	0	2	1	2	0	2	1	1	1	1	0	1	1	0	2	1	0	2	0	2	0	2	2	1	1	0	2	1	1	2	1	1	1	2	a2	1	1	1	1	1	1	1	1	1	1	1	1	0	1	1	1	1	1	1	1	1
1	1	2	2	0	0	1	2	1	1	2	2	0	2	1	2	2	2	2	2	1	0	1	1	1	0	2	1	2	2	1	1	1	1	1	1	1	1	1	1	1	0	1	1	1	0	1	0	1	1	1	1	1	0	1	1	1	1	1	1	1	0	1	0	1	0	0	1	1	1	1	0	1	1	0	1	1	1	0	1	1	1	2	2	1	0	1	1	1	0	1	0	0	2	2	0	1	2	2	2	0	2	2	1	1	0	0	1	2	1	1	2	0	1	2	0	2	1	1	1	1	1	2	1	2	0	0	1	2	1	1	1	1	1	2	2	2	2	a2	1	1	1	1	0	1	1	1	1	1	1	1	1	1	1	1	1	1	1	1	1
2	0	2	1	0	2	2	2	2	1	2	2	1	1	2	2	1	2	1	1	2	2	2	2	0	2	2	2	0	0	1	1	1	1	1	1	1	1	1	1	0	1	1	1	1	1	1	1	1	1	1	0	1	1	1	1	1	0	0	1	1	1	0	1	1	1	1	1	1	0	1	0	1	1	1	1	1	0	0	0	2	2	2	1	1	1	2	2	1	1	2	2	2	0	1	2	1	2	1	1	2	0	0	1	0	1	0	2	1	0	1	1	1	2	0	2	0	2	2	1	2	1	2	1	1	0	2	1	2	0	2	1	1	1	1	1	1	0	a2	0	1	1	1	1	0	0	1	0	1	0	1	1	1	1	1	1	0	1	1	1
0	1	1	2	1	1	0	1	1	2	2	1	1	2	2	1	1	2	0	2	2	0	1	0	1	2	2	0	1	0	1	1	1	1	1	0	0	1	1	1	1	1	1	1	1	0	1	1	1	0	1	1	1	0	1	1	1	1	1	1	1	0	1	1	1	0	1	0	1	1	1	1	0	0	1	1	1	1	1	1	2	2	1	0	1	0	1	1	2	1	0	1	1	1	2	1	2	2	1	1	2	1	2	2	2	1	0	0	0	2	2	0	1	0	2	2	0	1	2	2	2	2	1	1	1	0	2	0	1	0	0	1	1	2	0	2	2	1	a2	1	1	1	1	1	1	1	1	1	1	0	1	1	0	1	0	1	1	1	1	1
1	0	2	2	1	2	1	0	2	1	1	0	1	1	1	2	2	2	0	0	1	2	1	1	2	2	2	2	0	1	0	1	1	1	1	0	0	1	0	1	1	1	1	1	1	1	1	1	1	1	1	1	1	1	1	1	1	1	1	1	1	1	1	1	1	1	1	1	1	0	1	0	1	1	1	1	1	1	0	1	0	2	2	1	1	2	2	1	1	1	2	2	0	1	1	0	1	0	2	1	1	1	0	2	2	2	1	2	2	2	1	1	2	2	2	1	1	0	2	1	0	1	2	2	0	0	2	2	2	0	1	0	0	0	1	0	2	2	a2	1	1	1	1	1	1	1	1	1	1	1	0	0	1	1	1	0	1	0	1	1
2	0	1	2	2	2	1	2	2	2	1	2	0	2	0	2	1	1	2	1	2	1	1	0	1	0	2	1	2	1	1	1	1	1	1	1	1	1	1	1	1	1	1	1	1	0	0	1	1	1	1	1	0	1	0	0	1	1	1	1	1	1	1	1	1	1	1	0	1	1	1	1	1	0	1	1	1	1	1	0	2	2	1	2	2	1	2	0	1	0	2	0	1	0	0	0	2	2	1	1	2	1	1	1	1	2	1	2	0	1	2	1	1	1	2	2	2	2	1	2	1	2	1	1	2	2	1	1	0	0	1	2	1	1	2	1	2	2	a2	1	1	1	1	1	1	1	1	1	1	1	1	1	1	1	1	1	0	1	1	1
0	2	1	1	2	1	1	1	1	2	2	0	1	1	2	0	1	1	1	1	2	2	2	2	1	0	1	1	2	2	1	1	1	0	1	1	1	1	1	1	1	1	1	0	1	0	1	0	0	1	1	1	1	1	1	0	1	1	1	1	1	1	1	0	1	0	1	0	1	1	0	1	1	1	0	1	1	1	0	1	1	2	2	0	1	1	1	2	1	2	1	1	0	1	1	2	2	0	0	0	2	1	2	2	1	2	1	1	0	2	2	1	2	2	2	2	2	1	2	0	0	2	1	2	0	0	1	0	1	0	2	0	2	0	0	1	2	1	a2	1	1	1	1	1	0	1	1	1	1	1	1	1	1	1	1	1	1	0	1	1
2	2	1	1	1	1	1	2	2	1	2	1	1	2	1	2	1	1	2	2	0	0	2	0	1	0	1	0	1	1	1	1	1	0	0	1	1	1	0	1	1	1	1	1	1	0	1	0	1	1	1	0	0	1	1	1	1	1	1	1	1	1	1	0	1	1	1	1	2	1	1	0	2	2	1	0	2	0	0	2	0	2	2	2	0	0	2	2	2	2	2	2	2	2	1	2	2	2	1	1	0	2	2	0	1	1	1	1	1	1	0	0	1	1	2	0	1	2	2	1	1	1	2	2	0	0	1	2	1	1	2	0	2	2	2	2	0	0	a2	1	0	1	1	0	1	1	1	1	0	1	1	0	1	1	0	0	1	1	1	1
2	1	1	1	1	2	1	2	1	2	1	2	0	1	2	2	0	2	2	2	2	2	0	0	1	2	0	2	0	1	0	1	1	1	1	1	1	1	1	1	1	1	1	0	1	1	1	1	0	1	1	1	1	1	0	1	0	1	1	1	0	0	1	0	1	1	1	0	1	1	0	1	1	2	1	2	1	1	1	0	1	2	0	1	2	0	2	0	2	0	0	2	2	2	2	2	1	1	2	2	0	1	2	1	1	0	1	1	2	2	0	0	2	1	1	1	1	0	1	0	2	2	2	1	1	1	1	1	2	2	1	2	2	1	2	1	2	2	a2	0	1	0	1	1	1	0	0	1	1	0	1	1	0	1	1	1	0	0	1	0
1	2	0	2	2	1	0	2	2	0	2	1	1	2	1	2	1	1	1	1	0	1	2	1	1	2	2	2	0	2	1	0	1	1	1	1	1	1	1	1	0	1	1	1	0	0	1	1	0	1	0	1	1	0	1	1	1	0	0	1	0	1	1	1	1	1	1	1	1	0	2	2	2	2	2	2	2	2	1	2	2	1	1	2	1	0	2	0	2	2	1	2	2	0	1	2	2	2	2	1	2	2	1	0	1	2	0	1	1	0	2	0	0	1	1	1	1	0	1	2	1	2	2	1	1	1	1	0	1	0	1	2	0	0	2	1	2	2	a2	1	1	0	0	1	1	1	1	1	1	1	1	0	1	0	1	1	1	1	1	1
1	1	1	1	2	2	2	1	1	2	2	1	0	2	2	2	2	0	1	2	1	1	2	1	2	1	0	2	0	2	1	0	1	1	1	1	1	1	1	0	1	0	1	1	1	1	1	1	1	1	1	0	1	1	1	0	1	1	1	1	1	1	1	1	1	1	1	2	0	1	2	1	1	1	1	1	1	2	1	1	0	1	2	1	0	2	2	0	2	1	2	2	2	2	2	2	2	1	1	0	0	1	0	1	2	2	1	2	2	2	1	1	0	2	1	0	2	2	0	2	0	1	2	1	1	1	1	0	1	1	0	2	2	0	2	0	0	0	a2	1	1	1	0	0	1	1	1	1	1	0	1	1	1	1	0	1	1	0	0	0
2	1	1	1	1	2	2	2	1	1	0	2	0	2	1	0	2	1	2	2	2	0	2	2	2	1	2	2	0	2	1	1	1	1	1	1	1	1	0	0	1	1	1	1	1	1	0	1	1	1	1	1	1	1	1	1	1	1	0	1	1	1	1	1	1	1	1	1	0	1	2	2	2	0	1	1	1	2	1	2	0	2	0	2	2	2	2	2	0	2	2	2	2	1	2	0	2	2	0	2	1	1	1	2	0	2	0	1	2	2	2	2	1	2	1	0	2	0	1	2	1	2	2	0	2	0	1	2	1	1	1	1	2	2	1	1	2	2	a2	1	1	0	1	1	1	1	1	0	1	1	1	1	1	1	1	1	1	1	1	1
1	1	2	2	1	1	1	1	1	2	2	0	1	2	1	2	2	1	0	2	1	1	1	2	0	2	2	0	2	1	1	1	0	1	1	1	1	1	1	0	1	1	1	1	1	1	1	1	1	0	1	1	1	1	0	1	1	1	1	0	1	1	1	1	1	0	1	1	1	1	2	2	1	2	2	1	1	2	2	1	1	2	2	2	1	1	2	1	1	2	2	2	2	2	2	1	2	2	2	1	1	2	1	1	1	1	0	1	2	0	2	0	1	1	0	0	2	2	0	1	2	2	2	2	1	2	2	2	1	1	2	0	0	0	1	1	2	2	a2	1	1	1	1	1	1	1	0	0	1	1	1	1	1	1	1	1	1	0	1	1
1	0	1	2	1	0	0	1	2	0	0	2	0	1	1	2	0	0	2	2	0	2	2	1	1	1	1	1	1	0	1	1	0	1	1	1	0	1	1	1	1	1	1	1	1	1	1	1	1	1	1	1	0	1	0	1	1	1	1	1	1	1	1	1	1	1	1	0	2	1	1	2	1	1	2	0	1	1	2	0	1	2	2	2	1	2	2	2	1	2	2	2	2	0	2	2	2	2	1	1	2	1	1	2	0	0	1	2	2	2	2	0	2	1	2	1	1	1	1	1	1	0	2	1	1	2	2	0	2	1	2	2	1	1	0	1	2	2	a2	1	0	1	1	1	1	1	1	0	1	1	0	0	1	1	1	0	1	1	1	1
0	2	2	1	1	2	2	2	0	0	0	2	1	1	1	2	2	1	2	2	2	2	2	2	2	2	2	1	0	2	1	1	1	1	1	1	1	1	1	1	1	1	1	1	0	1	1	1	1	1	1	0	1	1	1	1	0	1	1	1	1	0	0	1	1	1	1	1	2	2	2	2	2	1	2	0	1	0	2	0	2	2	2	0	2	2	0	2	1	0	2	0	2	2	2	2	2	2	0	0	1	0	2	2	2	1	1	0	1	0	1	1	1	1	1	1	1	1	1	1	1	0	1	1	1	0	1	1	1	1	0	1	1	1	1	1	0	1	a2	1	0	1	0	1	1	1	1	0	1	1	1	1	1	1	1	1	1	1	1	1
2	0	1	1	1	2	1	2	0	1	2	1	2	1	1	0	0	1	1	1	2	2	2	1	1	2	1	1	2	1	1	1	1	0	0	0	1	1	1	0	1	1	1	1	1	1	1	1	1	1	1	1	1	1	1	1	1	0	1	1	1	0	1	1	1	1	0	2	2	1	1	0	2	0	1	0	0	1	1	2	2	0	2	2	2	2	0	1	0	2	2	2	1	2	2	0	2	1	2	0	1	1	2	1	2	0	1	1	2	2	1	1	1	1	1	1	0	1	1	1	1	1	1	1	1	1	1	1	1	1	1	1	0	1	1	1	0	1	a2	0	0	1	1	1	0	1	0	1	1	0	1	1	1	1	1	1	1	1	1	0
1	0	2	2	2	1	2	2	2	2	1	2	2	2	2	0	2	1	2	0	0	0	1	2	1	1	2	1	1	1	1	1	1	1	1	1	1	1	1	1	1	1	1	1	1	1	1	0	1	0	0	1	0	0	1	1	1	1	1	1	1	1	1	1	1	1	1	1	2	1	1	2	1	2	2	1	0	1	1	0	2	0	0	2	2	2	2	2	2	1	2	1	2	2	2	2	0	1	2	1	0	2	0	1	2	1	1	2	2	1	1	1	1	1	1	1	1	1	1	0	1	1	1	0	1	1	1	1	1	0	0	1	1	1	1	1	1	0	a2	1	0	1	0	1	1	0	1	1	1	1	1	0	1	1	0	1	0	1	0	1
2	1	1	0	1	1	1	1	2	2	1	0	1	1	1	2	2	0	2	1	0	2	2	2	1	1	0	0	1	0	1	1	1	1	1	0	1	1	1	1	1	1	1	0	0	0	1	1	1	1	0	1	1	1	1	0	1	1	1	1	1	1	0	0	1	1	1	2	1	2	2	0	1	2	0	1	2	2	1	2	2	1	2	1	2	2	1	1	2	2	0	2	0	0	0	2	0	2	2	0	2	1	1	2	2	2	1	1	1	2	1	0	1	1	1	1	1	1	1	1	1	0	1	1	1	1	1	1	1	1	1	0	1	1	1	0	0	1	a2	1	1	1	1	1	1	1	0	1	0	0	1	0	1	1	1	0	1	0	1	0
1	2	0	1	0	0	1	0	0	0	2	1	2	0	2	1	1	2	2	1	2	1	2	2	1	1	2	2	1	2	1	1	1	1	1	1	1	1	0	1	0	1	1	0	1	1	1	0	1	1	1	1	1	1	1	1	1	1	1	0	0	1	1	1	1	1	0	2	2	0	1	2	2	2	2	2	1	0	0	1	2	1	2	1	2	2	1	1	2	2	2	2	1	2	2	1	2	2	1	1	2	2	2	2	1	1	2	2	1	1	0	1	1	1	1	1	1	1	1	1	0	1	1	1	1	1	1	1	0	1	1	0	1	1	1	1	1	1	a2	1	1	1	1	0	1	1	1	0	1	1	1	1	1	0	1	1	0	1	1	1
2	1	2	2	1	1	0	1	1	1	0	1	1	1	2	0	0	1	2	2	2	0	1	2	2	2	2	2	1	2	0	1	1	1	1	1	1	1	1	0	1	1	0	1	1	1	1	1	1	1	0	1	1	1	1	0	1	1	0	1	1	1	0	1	1	1	1	2	1	0	2	1	2	1	1	2	2	2	1	1	2	0	0	2	2	1	2	2	2	0	0	1	2	0	2	2	0	2	0	2	2	1	1	1	1	2	1	0	2	1	1	1	1	1	1	0	0	0	1	1	1	0	1	1	1	1	0	1	0	1	1	1	1	1	1	1	1	1	a2	1	1	1	1	0	1	1	1	0	1	0	1	1	0	1	1	1	1	1	1	1
1	1	1	2	2	0	0	1	2	2	2	2	1	1	2	1	2	1	1	2	2	2	1	1	2	1	1	0	0	1	1	1	1	1	1	1	0	1	1	1	1	1	1	1	1	0	1	1	1	1	1	1	1	1	0	1	0	0	1	1	1	1	0	1	0	0	0	1	1	2	1	2	2	1	1	2	1	2	1	1	2	2	2	2	2	2	2	2	2	1	1	2	1	1	1	2	2	1	1	1	1	1	1	1	1	1	0	0	1	1	1	1	0	1	1	1	0	1	1	0	1	1	1	1	1	0	1	0	1	1	1	1	0	1	1	1	1	1	a2	1	1	1	1	1	1	1	1	1	1	1	1	1	1	1	1	1	1	0	1	1
2	1	2	2	2	2	2	2	0	0	2	1	2	2	1	1	1	1	1	1	2	0	2	1	1	1	2	1	1	2	1	0	1	1	1	1	1	0	1	1	1	1	1	1	1	1	1	1	1	0	1	1	1	1	1	1	1	1	0	1	1	1	1	0	1	0	0	1	1	2	2	1	1	1	2	1	2	1	1	0	2	2	1	2	0	2	2	0	1	2	1	0	1	0	2	2	2	1	1	0	1	1	1	1	1	1	1	1	1	1	0	1	1	0	1	1	0	1	1	1	1	0	1	1	1	1	0	1	1	1	1	1	1	1	1	1	1	1	a2	0	1	1	1	1	1	1	1	1	1	1	1	0	1	1	1	1	1	1	1	1
1	1	1	0	2	1	2	1	2	2	1	2	1	1	1	2	0	2	1	2	0	1	2	1	2	2	2	1	2	1	1	1	0	1	1	1	1	1	1	1	1	1	0	1	1	1	1	1	1	1	0	1	1	1	0	0	1	1	1	1	0	0	0	1	1	1	1	0	1	2	2	1	0	0	1	0	2	1	2	1	2	0	2	1	2	1	1	1	2	2	1	2	1	2	2	1	2	0	1	0	1	1	1	1	1	1	0	1	1	1	1	1	1	1	1	1	1	0	1	1	1	1	0	1	0	1	1	1	1	1	1	1	1	0	0	1	1	1	a2	1	0	0	0	0	0	1	1	0	1	1	1	0	1	0	0	1	1	1	1	1
1	1	2	1	0	2	0	1	1	2	1	2	1	2	1	2	1	2	1	2	2	1	0	2	0	1	2	2	2	2	0	1	1	1	1	1	1	1	0	1	1	1	1	0	1	1	0	1	0	1	0	0	1	1	1	1	1	1	1	1	1	0	1	1	1	1	1	0	2	2	1	0	0	2	1	2	1	1	0	2	1	2	2	1	1	2	1	2	1	2	1	2	1	2	2	2	2	1	0	1	1	1	1	1	1	0	1	1	1	0	1	0	1	0	1	1	1	1	1	1	1	1	0	1	1	0	0	1	1	1	0	1	1	1	0	1	1	0	a2	1	1	0	1	1	1	1	1	0	1	1	1	1	1	1	1	1	1	1	0	1
