127, 102
29, 32
Hard to Traverse Center Point #0: (53, 60)
Hard to Traverse Center Point #1: (114, 21)
Hard to Traverse Center Point #2: (110, 74)
Hard to Traverse Center Point #3: (42, 103)
Hard to Traverse Center Point #4: (128, 86)
Hard to Traverse Center Point #5: (114, 117)
Hard to Traverse Center Point #6: (42, 27)
Hard to Traverse Center Point #7: (111, 28)
1	1	0	1	1	1	1	0	0	1	0	0	1	1	1	1	1	1	1	1	0	a1	1	1	1	1	1	1	1	1	1	1	0	1	1	0	1	0	1	1	0	1	1	0	1	1	0	1	1	1	1	1	1	1	1	1	1	1	0	1	1	0	1	1	1	1	1	1	1	1	1	1	1	0	1	1	1	0	1	1	1	1	1	0	1	1	1	1	1	1	1	1	0	1	0	1	1	1	1	0	1	1	1	1	0	1	1	1	1	0	1	0	1	1	1	1	1	1	1	1	0	1	1	1	1	1	1	1	1	1	1	1	1	0	1	1	1	0	1	1	1	1	1	1	1	0	1	1	1	1	1	1	1	1	1	0	1	1	1	1
1	1	1	1	1	1	1	1	0	1	1	0	0	1	0	1	1	1	1	1	1	a1	1	0	1	1	1	1	1	0	1	1	1	1	1	1	1	1	1	0	1	1	0	1	1	1	0	0	1	1	1	1	1	0	1	1	0	0	1	0	1	1	0	1	1	1	1	1	1	1	1	1	1	0	1	1	1	0	1	1	1	0	1	1	1	1	0	0	1	1	1	0	1	1	1	1	0	1	1	0	1	1	1	1	1	1	1	1	1	1	1	1	1	1	1	1	1	1	0	1	0	0	1	1	1	1	1	1	1	1	1	1	0	1	1	1	1	0	1	1	0	1	1	1	1	1	1	1	1	1	1	0	0	0	1	1	1	1	1	1
1	1	1	1	1	1	0	1	1	1	1	1	1	1	1	1	1	1	1	1	1	a1	1	1	1	0	1	1	1	1	1	1	1	1	1	1	1	1	1	0	1	1	0	0	0	1	1	1	0	1	0	1	1	1	1	1	1	1	1	0	1	0	1	1	1	1	1	1	1	1	1	1	0	1	1	1	1	1	1	1	1	1	1	1	1	0	1	0	1	1	1	1	1	1	1	1	0	0	1	1	0	1	1	1	1	1	0	1	1	1	1	1	1	0	1	1	1	1	1	0	1	1	1	0	1	1	1	1	1	1	0	0	0	1	1	1	1	1	1	1	1	1	1	1	0	1	1	1	1	1	1	0	1	0	1	0	1	1	1	1
1	1	1	0	1	0	0	1	1	1	1	1	1	0	1	1	1	1	1	1	1	a1	1	1	0	1	1	1	1	1	0	1	1	1	0	1	1	0	1	1	1	1	1	0	1	1	0	1	1	1	1	1	1	0	0	1	0	1	1	1	1	0	1	1	1	1	1	1	0	0	1	1	1	1	1	1	0	1	1	0	1	1	0	1	1	1	1	1	1	1	1	1	1	1	0	0	1	1	1	1	0	1	1	1	0	1	1	1	0	1	1	0	0	0	1	1	1	1	1	1	1	0	1	1	1	0	1	1	1	1	1	1	1	1	1	1	0	0	1	1	1	1	1	1	1	1	1	1	0	0	0	1	1	1	1	1	1	1	1	0
1	1	1	1	1	1	1	1	1	1	0	1	1	1	1	0	1	1	1	1	1	a1	1	1	0	1	0	1	1	1	0	1	1	1	1	1	1	1	1	1	1	1	1	1	1	1	1	1	0	1	0	1	1	0	1	1	1	1	1	1	1	1	1	1	1	1	1	1	1	1	1	0	1	1	1	1	1	1	1	1	1	1	1	1	1	1	1	0	1	1	1	1	1	1	1	1	1	1	1	1	1	1	1	1	1	1	1	0	1	1	1	1	1	0	1	1	1	1	1	1	1	1	0	1	1	1	0	1	1	1	1	1	1	1	1	1	0	0	1	0	1	0	1	0	1	1	1	1	1	1	1	1	1	1	0	1	1	1	1	1
0	1	1	1	1	1	1	1	1	1	0	1	0	1	1	1	1	1	1	1	1	a1	1	1	1	1	0	0	1	1	1	0	0	1	1	0	0	1	1	1	1	1	1	1	1	1	1	1	1	0	1	0	1	1	0	1	1	1	1	1	1	1	1	1	1	1	1	1	1	1	1	0	1	1	0	1	1	1	1	1	1	0	0	1	1	1	1	1	1	1	1	1	1	1	1	0	1	1	1	1	1	1	1	1	1	0	0	1	0	1	1	1	1	1	1	1	1	1	0	1	1	1	1	1	1	1	1	1	0	1	1	1	1	1	1	1	1	1	1	0	1	1	1	1	1	1	1	1	1	1	1	1	0	0	1	1	1	1	0	1
1	1	1	1	1	1	0	1	1	1	1	1	1	1	1	1	0	1	1	1	1	a1	0	1	0	1	0	1	1	1	1	1	1	1	1	1	1	1	1	1	1	1	1	1	1	1	0	1	1	1	1	1	1	0	1	1	1	1	1	1	1	0	1	1	1	1	0	0	0	1	1	1	0	1	0	1	1	1	1	1	1	1	1	1	1	1	0	1	1	1	1	1	0	1	1	1	1	0	1	2	2	2	1	2	0	1	0	1	2	0	1	2	1	1	0	1	0	2	1	1	1	0	1	1	1	2	1	2	2	1	0	1	1	1	1	1	1	0	1	1	0	1	1	1	1	1	1	1	1	1	1	0	1	1	1	1	1	1	1	1
1	1	1	1	1	1	1	1	1	1	0	1	1	1	1	1	1	1	1	1	1	a1	0	1	0	1	1	0	1	1	1	1	0	1	1	1	1	0	1	1	1	1	1	1	0	1	1	0	0	1	1	1	1	1	1	1	1	1	0	1	1	1	1	1	0	0	1	1	1	1	1	1	1	1	1	1	1	1	1	1	1	1	1	1	1	1	1	1	0	1	1	1	1	0	1	1	1	1	1	2	2	0	1	2	1	1	1	0	1	2	2	0	1	2	2	1	1	0	2	2	1	1	0	1	1	0	2	1	0	1	0	1	1	1	1	0	1	0	0	1	1	1	1	1	1	1	1	0	1	0	0	1	1	0	1	1	1	1	1	1
1	1	1	1	1	1	0	1	1	1	1	0	1	0	1	1	1	0	0	1	0	a1	1	1	0	1	1	1	1	1	1	1	0	1	0	1	1	1	1	1	1	1	1	1	1	1	0	1	1	1	1	1	1	1	1	1	1	1	1	1	1	1	1	1	1	1	1	1	1	1	1	1	1	0	0	1	1	1	0	1	1	1	1	1	1	0	1	1	1	1	1	1	1	1	1	0	0	1	0	0	2	1	2	0	2	2	1	1	0	0	0	1	1	0	1	2	1	2	0	1	1	1	0	1	2	2	2	1	2	0	1	0	1	1	1	1	0	1	1	1	1	1	1	0	1	1	1	1	1	1	0	1	1	1	0	1	0	1	1	0
1	1	1	1	1	1	1	0	1	0	1	1	1	0	1	1	1	0	0	1	1	a1	1	0	1	1	1	1	1	1	1	1	1	0	1	1	1	1	1	1	1	1	1	1	1	1	0	0	1	1	1	1	1	1	1	1	1	1	1	1	0	0	1	1	0	1	1	1	0	0	1	1	1	1	0	1	0	1	1	1	1	1	1	0	1	1	1	1	1	1	1	1	0	1	1	1	1	1	1	1	1	1	1	2	0	1	0	2	0	1	0	1	1	1	1	1	1	1	0	2	1	0	1	2	2	2	2	0	1	1	1	1	1	1	1	1	1	1	1	1	1	1	0	1	1	1	1	1	1	1	1	1	1	1	1	1	0	1	1	0
1	1	1	0	0	1	1	1	1	1	1	1	1	1	1	1	1	1	1	1	1	a1	1	1	1	0	0	1	1	1	1	1	0	1	1	1	1	1	1	0	1	1	0	1	1	1	1	1	1	0	1	1	1	1	0	0	1	1	1	1	1	1	0	1	1	1	1	1	0	1	1	1	1	1	1	1	1	1	0	1	0	1	1	1	1	1	1	0	1	1	1	1	1	1	1	1	1	1	1	1	1	1	2	1	1	0	2	1	0	1	1	0	2	1	1	1	1	2	1	2	2	2	1	1	1	1	2	1	2	1	1	1	0	0	1	1	1	0	1	1	1	1	0	1	0	1	1	1	1	1	1	1	1	1	1	1	1	1	0	1
1	1	1	1	0	1	1	1	1	0	1	1	1	0	1	1	1	1	1	0	1	a1	1	1	1	1	1	1	1	1	1	1	1	1	1	0	1	1	1	1	1	1	1	1	1	1	1	0	0	1	1	1	1	1	1	1	1	1	1	1	1	1	0	1	1	1	1	0	1	1	1	0	1	1	1	1	1	1	1	1	1	0	1	1	0	1	1	1	1	1	1	1	1	1	0	1	1	1	1	1	0	1	2	2	1	1	1	2	1	2	0	1	0	1	2	0	2	1	0	b4	a4	a4	a4	b4	b4	a4	a4	a4	a4	a4	a4	a4	a4	a4	a4	a4	a4	a4	a4	a4	a4	a4	a4	a4	a4	a4	a4	a4	a4	a4	a4	a4	a4	a4	a4	a4	a4	a4	a4	a4
1	1	0	1	0	1	1	0	0	1	0	0	1	0	1	1	1	0	1	1	0	a1	1	1	1	1	0	0	1	0	1	2	1	0	1	0	1	1	1	2	2	1	1	0	1	2	2	1	1	2	0	1	2	1	2	0	0	1	1	0	1	1	1	0	1	1	1	0	1	1	1	1	1	1	1	1	1	1	1	0	1	1	1	1	1	0	1	1	0	1	0	1	1	1	1	0	1	0	1	2	1	1	0	2	1	1	2	0	2	0	2	2	1	1	1	2	2	0	2	a4	2	1	0	0	1	2	1	1	0	0	1	1	1	0	0	0	1	1	1	1	1	1	1	0	1	1	1	1	1	1	1	1	1	0	1	1	1	1	1	1
1	1	0	1	1	1	1	1	1	0	1	1	1	0	1	1	1	1	1	0	1	a1	0	1	0	1	0	1	0	0	1	1	1	1	0	2	2	0	2	1	1	0	2	0	1	1	0	1	2	2	2	1	2	1	1	2	1	0	1	1	0	0	1	1	1	1	1	1	1	1	0	1	1	1	1	0	0	1	1	1	1	1	0	0	1	1	1	1	1	1	1	1	1	1	1	1	1	1	1	0	2	2	2	2	2	1	0	2	2	1	2	2	0	2	2	2	2	2	2	a4	2	2	1	0	0	2	0	1	2	1	1	1	1	1	1	1	1	1	1	1	1	1	1	1	0	1	0	1	0	1	1	1	1	1	1	1	1	1	1	1
0	1	1	0	1	1	1	1	1	1	1	1	1	1	1	0	1	1	1	1	1	a1	1	1	1	1	1	1	2	1	1	2	2	1	2	2	2	2	1	2	1	1	2	1	2	1	2	1	2	0	1	1	0	0	2	1	2	1	1	1	1	1	1	1	1	1	1	1	1	1	1	0	1	1	0	1	1	1	1	1	1	1	1	0	1	1	1	1	1	1	1	1	1	0	1	1	2	1	2	2	2	2	0	2	2	1	2	2	1	2	2	2	0	0	2	2	2	2	1	b4	2	2	2	1	1	2	0	1	2	1	0	1	1	1	1	0	0	1	1	1	1	1	0	0	1	1	1	1	1	1	1	1	0	0	1	1	1	1	1	1
1	1	1	1	1	1	1	1	1	1	1	1	1	1	1	0	1	1	1	0	1	a1	1	0	1	1	1	2	0	1	2	1	1	1	2	1	1	2	2	2	2	1	2	1	0	2	2	2	2	2	0	2	0	1	2	2	2	1	1	1	1	1	1	1	1	1	1	1	0	1	1	1	1	1	1	1	1	1	1	1	1	1	1	1	1	0	1	1	1	1	1	1	1	1	1	1	1	2	2	2	2	1	2	2	2	2	2	2	2	1	0	2	2	2	2	2	0	2	2	b4	2	2	2	2	2	2	0	1	1	1	1	0	1	1	1	1	1	1	1	0	1	1	1	1	1	0	1	1	1	1	1	1	1	1	0	0	1	1	0	1
0	1	0	0	1	1	1	0	1	1	0	0	1	1	1	1	0	1	1	0	0	a1	1	1	1	1	0	2	1	1	2	0	2	2	2	1	2	2	2	2	0	2	2	1	0	0	0	2	2	1	2	2	1	2	0	0	2	1	1	1	1	1	1	1	0	1	1	1	1	0	1	1	1	1	0	0	1	0	0	1	1	1	1	1	0	1	1	1	1	0	1	1	1	0	1	1	2	1	1	1	0	2	2	0	2	1	2	0	0	2	2	2	1	2	2	2	2	2	2	b4	2	2	0	0	2	2	0	1	2	1	1	1	1	1	0	1	1	1	1	1	1	1	1	1	1	1	1	0	0	1	1	1	1	1	0	1	0	0	1	1
1	1	0	1	1	1	1	1	1	1	1	1	1	1	1	1	1	0	0	1	1	a1	1	1	1	1	1	2	0	0	0	1	1	1	1	1	2	2	2	2	1	1	1	2	0	2	0	1	2	1	1	0	1	1	1	1	2	1	1	1	1	1	1	1	1	1	1	1	1	1	1	1	1	1	1	1	1	1	1	1	1	1	1	1	1	0	0	1	1	1	1	1	0	1	1	1	1	2	0	2	2	1	2	1	2	2	0	2	1	2	1	2	2	2	0	2	2	2	2	a4	1	1	1	2	1	1	1	2	1	1	1	1	1	1	1	1	1	1	1	0	1	1	1	1	1	1	1	0	1	1	1	1	1	1	1	0	0	1	1	1
1	1	1	1	0	0	0	0	1	1	1	1	1	1	1	0	1	1	1	1	1	a1	1	1	1	1	1	2	2	2	2	1	1	1	2	2	2	1	1	2	0	1	1	2	2	2	2	1	2	2	1	2	2	1	0	1	2	1	0	1	1	1	1	0	1	1	0	1	1	1	1	1	0	1	0	1	1	1	1	1	1	1	0	1	1	1	1	1	1	1	0	1	1	0	1	1	1	0	2	1	2	0	0	2	2	0	2	2	1	2	2	2	1	2	2	2	0	2	2	b4	2	2	0	0	0	2	1	0	1	0	1	0	1	1	1	1	0	1	0	0	1	1	1	1	1	0	1	1	1	1	1	1	0	0	1	1	0	0	1	0
1	1	1	1	0	1	1	0	1	1	0	1	1	1	1	1	0	0	1	1	0	a1	1	0	1	1	0	2	1	1	2	2	1	0	1	0	2	1	1	0	2	1	1	2	1	2	2	2	1	2	2	2	2	2	2	1	2	1	1	1	1	1	1	0	1	1	0	1	0	1	1	1	0	1	1	1	1	1	1	1	1	1	1	1	0	0	1	1	1	0	1	1	0	1	0	1	2	0	0	2	2	1	1	2	2	1	2	1	0	2	2	2	2	2	2	2	1	1	2	b4	2	1	1	2	0	2	1	1	0	1	1	1	1	1	1	1	0	1	1	1	1	1	1	1	0	0	1	1	0	0	1	1	1	1	0	1	1	1	0	1
1	1	1	1	1	1	1	1	1	0	0	1	0	1	0	0	1	1	1	1	0	a1	1	0	1	1	1	0	2	0	1	1	0	0	1	2	2	2	0	2	2	2	2	2	2	1	1	1	0	2	2	1	1	2	1	1	0	1	1	0	1	1	1	1	1	1	1	0	1	1	0	1	1	1	1	1	1	1	1	0	1	1	1	1	1	1	1	1	1	1	1	1	1	1	1	1	1	1	1	1	2	0	2	2	0	2	1	1	0	2	2	0	2	2	2	1	2	2	2	b4	2	2	0	2	0	2	1	0	2	1	1	1	1	1	0	1	0	1	1	0	0	1	1	1	1	0	1	1	1	0	1	1	0	0	1	1	1	1	1	1
1	0	1	0	0	0	1	1	0	1	1	1	1	1	1	1	1	1	1	1	0	a1	1	1	1	1	1	2	2	1	1	0	1	1	2	1	2	1	2	2	2	1	0	2	0	2	1	0	2	2	2	1	2	1	1	1	2	1	1	1	1	1	1	1	0	0	0	1	1	1	1	1	1	0	1	1	1	1	0	1	1	0	1	0	1	1	1	0	0	0	1	1	1	1	1	1	1	2	0	1	2	2	0	2	1	2	0	0	0	2	2	1	2	2	2	1	0	2	1	b4	2	2	2	1	2	1	2	2	1	1	1	1	1	1	0	1	1	0	1	0	0	1	1	1	1	1	1	0	1	0	0	1	1	1	1	1	1	1	1	1
1	1	0	0	1	1	1	1	0	1	1	1	1	0	1	0	1	1	0	1	1	a1	1	1	0	0	1	1	1	2	1	2	1	2	0	2	1	1	2	0	2	0	1	2	1	2	2	1	1	1	1	1	1	2	0	2	2	1	1	1	1	1	1	0	1	1	0	1	1	1	1	1	1	1	1	1	0	1	1	1	1	1	0	0	1	1	1	1	1	1	1	1	1	1	0	1	1	1	1	1	0	2	2	2	2	0	2	0	2	2	2	2	0	1	2	2	0	2	2	b4	1	2	1	1	2	2	1	2	0	1	0	1	1	1	1	1	1	1	1	1	1	1	1	0	1	1	1	0	1	1	1	1	1	0	1	1	1	1	1	1
1	0	1	1	1	0	1	0	0	1	1	1	1	1	1	1	1	1	1	0	1	a1	1	1	1	1	1	2	2	2	2	2	1	2	1	0	2	1	2	1	0	2	0	2	1	1	1	1	2	2	1	1	2	2	0	0	0	1	0	1	1	1	1	1	1	1	1	1	1	1	1	1	0	1	1	0	0	0	1	0	1	1	1	0	1	1	1	1	1	1	1	1	1	0	1	1	0	2	2	2	2	2	2	2	2	2	0	0	1	2	2	2	2	2	0	2	0	1	2	b4	2	1	1	2	2	0	2	1	2	1	1	0	1	1	1	0	1	0	0	1	1	1	1	1	1	1	0	1	1	1	1	1	1	1	1	1	1	1	1	1
1	1	1	1	1	1	1	1	1	1	0	1	1	1	1	1	1	1	1	1	1	a1	0	1	1	0	1	2	2	2	2	2	0	1	0	2	2	2	2	2	0	2	0	2	0	1	1	0	0	1	0	1	0	1	1	1	1	1	1	1	1	1	1	1	1	1	1	1	0	1	1	1	1	1	1	1	1	1	1	0	1	1	1	0	1	1	1	1	1	1	0	1	1	0	1	0	2	2	2	2	1	1	2	2	2	0	2	2	2	1	2	1	2	2	1	0	2	2	2	b4	2	2	2	2	1	0	2	2	1	1	1	1	1	0	1	1	1	0	0	0	1	1	0	1	1	1	1	1	1	1	0	1	1	1	1	0	1	1	1	0
0	1	1	1	1	0	1	1	1	1	1	0	1	1	1	1	1	1	1	1	1	a1	1	1	1	1	1	0	1	1	2	2	0	2	0	1	2	2	1	1	1	2	1	2	1	0	2	2	1	1	2	0	2	2	2	1	1	1	1	1	1	1	1	1	1	1	1	1	1	1	1	1	1	1	0	1	1	0	1	1	1	0	1	1	1	0	1	1	1	1	0	1	1	0	1	1	2	2	1	2	2	1	2	2	0	0	0	1	2	1	0	0	2	0	0	2	2	0	0	b4	2	2	1	2	1	2	1	2	0	0	1	1	1	1	1	1	1	1	1	1	1	1	0	0	0	1	1	1	1	1	1	1	1	1	1	1	1	1	1	0
1	1	1	1	1	1	0	1	1	1	1	0	1	1	1	1	1	0	1	1	1	a1	1	1	1	1	1	0	2	2	0	0	0	0	0	2	0	2	0	1	1	2	0	1	2	2	0	0	2	1	2	1	1	2	1	1	1	0	1	0	0	1	0	1	1	1	1	1	0	0	1	0	1	1	1	1	1	1	1	1	1	0	1	1	1	1	0	1	1	1	1	1	1	1	1	1	2	1	1	1	0	2	1	2	2	2	1	0	1	2	2	2	2	1	0	2	0	2	2	a4	2	2	0	2	2	2	1	1	1	1	0	1	1	1	0	1	1	1	1	1	1	1	1	1	1	1	1	0	1	1	1	1	0	0	1	1	1	1	1	1
1	1	1	1	1	1	1	1	1	0	0	1	0	1	1	1	1	0	0	1	1	a1	1	1	1	1	1	0	1	2	2	2	2	1	1	2	1	0	0	0	1	2	2	2	1	1	2	1	1	2	2	1	1	2	1	0	2	1	1	0	1	1	0	0	1	1	1	1	1	1	1	1	1	0	1	0	1	1	1	0	0	1	1	0	1	1	1	1	1	1	1	1	1	0	1	1	1	2	1	1	2	2	2	0	2	0	2	2	1	0	2	1	2	2	2	2	2	0	2	b4	0	1	2	2	2	2	1	1	1	1	1	1	1	0	0	1	1	1	1	1	1	1	1	0	1	0	1	1	0	1	1	0	1	1	1	1	1	1	0	0
1	1	1	1	1	0	1	1	0	1	1	1	1	1	0	1	1	0	0	1	1	a1	1	0	1	1	1	1	1	2	1	1	1	2	2	1	2	1	1	1	2	0	1	1	2	0	1	1	0	2	1	0	2	2	2	0	2	1	1	1	1	1	1	0	1	1	1	1	1	1	1	1	1	1	1	1	1	1	1	1	1	0	1	1	1	1	0	1	1	0	1	0	1	1	0	0	1	1	0	2	2	2	2	2	2	2	1	1	2	0	2	2	1	2	2	1	2	2	2	b4	2	2	2	2	1	1	1	2	1	1	1	1	0	1	0	1	1	1	1	0	1	0	1	1	1	1	0	0	1	1	1	1	0	1	1	1	0	1	1	1
0	0	1	1	0	1	1	1	1	0	1	0	0	1	1	0	1	1	1	1	1	a1	1	1	1	0	1	2	1	1	1	0	1	0	1	2	1	0	1	1	2	1	2	0	2	0	2	0	2	1	2	1	1	1	1	1	2	1	1	1	0	1	1	1	1	0	1	1	1	1	0	1	1	0	1	1	1	1	1	0	1	1	1	1	1	1	1	1	1	0	1	1	1	1	1	1	2	2	1	2	2	2	2	2	1	0	0	2	2	2	0	2	2	1	1	0	2	0	2	b4	2	1	0	1	2	1	1	2	2	1	1	1	1	0	0	1	1	1	0	1	0	1	1	1	1	1	1	1	1	1	1	1	1	1	1	1	1	0	1	1
1	1	1	1	1	1	1	1	1	1	1	1	1	1	1	1	1	0	1	0	1	a1	1	1	0	1	1	2	1	2	1	1	1	1	1	1	2	1	1	1	2	2	2	2	0	2	2	1	2	1	1	2	0	2	1	1	2	1	1	0	1	1	1	1	0	1	1	1	1	1	1	1	0	1	1	1	0	0	1	1	0	1	1	1	1	1	1	1	1	1	1	0	1	0	1	1	0	1	2	2	1	2	2	2	1	0	0	2	1	2	1	2	1	2	2	2	1	2	1	b4	0	2	2	0	2	0	2	2	2	1	1	1	1	1	1	1	1	1	1	0	1	1	0	1	0	1	1	1	1	1	0	1	1	1	0	1	1	1	1	1
0	0	1	0	1	0	1	1	1	1	1	1	1	1	0	1	1	1	1	1	1	a1	0	1	1	1	1	0	0	1	0	2	1	1	2	2	2	1	1	2	1	2	2	1	1	2	1	1	2	1	0	2	2	0	0	0	1	1	1	1	1	1	1	1	0	1	1	1	1	0	0	1	1	0	1	1	1	1	1	0	1	1	0	1	1	1	1	1	1	1	1	1	1	1	1	1	2	0	2	1	1	2	1	1	2	2	0	0	0	2	0	0	2	2	1	1	1	2	2	b4	a4	a4	b4	b4	b4	b4	a4	a4	a4	a4	a4	a4	a4	a4	a4	a4	a4	a4	a4	a4	a4	a4	a4	a4	a4	a4	a4	a4	a4	a4	a4	a4	a4	a4	a4	a4	a4	a4	a4	a4
1	0	1	1	1	0	0	1	1	1	1	1	1	1	1	1	0	1	1	0	1	a1	1	1	1	1	1	0	2	g	2	1	1	1	2	1	2	2	1	2	0	0	1	2	2	1	2	0	2	2	1	2	1	0	2	2	2	1	1	1	0	1	1	1	1	1	1	1	1	1	1	1	1	1	1	1	1	1	1	1	1	1	1	1	1	1	1	1	0	0	0	1	1	0	1	1	0	2	2	2	2	1	2	2	0	2	2	1	0	2	2	2	2	1	2	2	1	2	2	1	2	1	2	2	0	2	2	2	0	1	1	1	1	1	1	1	1	1	1	1	1	1	0	1	0	1	1	1	1	1	0	1	1	1	1	1	1	1	1	1
0	1	1	1	1	0	1	1	1	1	1	1	1	1	1	1	1	1	1	1	1	a1	1	1	1	1	1	1	1	1	0	1	0	1	1	0	0	1	2	2	1	1	1	0	2	1	1	1	1	2	0	2	1	1	1	2	2	1	0	1	1	1	0	0	1	1	0	0	1	1	1	0	1	0	1	1	1	1	1	0	1	1	1	1	1	1	1	1	0	1	1	1	1	1	1	0	2	1	2	2	1	1	2	2	1	1	1	2	2	1	2	1	2	2	2	0	0	1	2	2	2	2	2	2	2	2	1	0	2	0	0	1	1	1	1	1	1	1	1	1	0	1	0	1	1	0	1	1	1	1	1	1	1	1	0	1	1	1	1	1
0	1	1	1	0	1	1	1	1	1	1	0	1	0	1	1	1	0	0	1	1	a1	1	1	0	1	1	1	2	2	1	2	0	1	2	0	0	2	2	0	1	2	2	2	1	1	1	1	0	1	1	1	2	0	1	2	1	1	1	1	1	0	1	1	0	1	1	1	1	0	1	1	1	1	1	1	0	1	1	1	1	1	1	1	1	0	1	0	1	1	1	1	1	1	1	1	1	1	1	0	2	2	2	0	2	0	2	2	2	2	1	1	2	2	2	0	2	2	2	1	2	2	2	2	1	2	2	0	1	1	1	1	1	1	0	1	0	0	1	1	1	1	1	1	1	1	0	1	0	0	1	1	1	1	1	1	1	1	1	1
1	0	1	1	1	1	1	1	1	1	0	1	1	1	1	0	1	1	1	0	1	a1	1	1	1	1	0	1	2	0	1	1	2	2	2	1	2	1	1	1	2	2	0	1	2	2	2	2	1	1	1	1	2	1	1	1	2	0	0	1	1	1	0	0	0	1	0	1	0	1	1	1	1	1	1	1	1	1	1	1	0	1	1	1	0	1	1	1	1	1	1	1	1	1	0	1	2	0	1	2	0	2	1	2	1	1	2	1	0	2	2	2	1	2	1	2	2	0	0	1	2	2	2	1	2	1	1	2	1	1	1	1	1	0	1	1	0	0	0	1	1	1	0	0	1	1	0	1	1	1	0	1	1	0	0	1	1	1	1	1
1	0	1	0	1	1	1	0	1	1	1	0	1	1	1	1	0	1	1	1	1	a1	1	1	1	1	1	1	1	0	2	1	1	2	1	1	0	2	2	2	2	0	1	2	2	1	1	1	2	2	1	1	1	2	1	1	2	1	1	1	1	0	1	0	1	0	1	1	1	1	1	1	1	1	1	1	1	0	1	1	1	1	1	1	1	1	1	1	1	1	1	1	1	1	1	1	2	0	2	1	1	1	2	2	0	1	2	0	2	0	2	1	1	2	2	0	1	1	1	2	2	2	1	2	2	1	0	1	0	1	1	1	1	1	1	1	1	0	0	0	1	1	0	1	1	1	1	1	1	1	1	0	1	0	1	1	0	1	0	0
1	1	1	1	1	1	1	0	1	1	1	1	0	1	1	1	1	1	1	1	1	a1	1	1	1	1	0	0	1	0	2	2	2	0	1	1	2	2	1	2	2	1	2	2	1	1	1	2	2	2	1	2	1	2	0	1	1	1	1	1	1	0	1	1	1	1	1	1	1	0	1	1	0	1	0	1	1	0	1	1	1	1	1	1	1	1	1	1	1	1	1	1	0	1	1	1	2	0	2	0	0	1	1	2	0	0	1	1	1	2	2	0	1	1	1	1	2	2	2	0	1	1	2	0	1	1	1	1	0	1	1	1	1	0	1	1	1	1	1	1	1	1	0	1	1	1	1	1	1	1	1	1	0	1	1	0	1	1	1	1
1	1	1	1	1	0	1	1	1	1	0	1	1	1	0	0	1	1	1	1	1	a1	1	1	1	1	1	1	2	1	2	1	2	2	2	0	2	0	2	2	1	1	2	2	2	2	0	1	1	1	1	2	1	2	0	2	1	1	1	1	0	1	0	1	1	1	1	1	0	1	1	0	1	1	1	1	0	1	1	0	1	1	1	1	1	1	1	1	1	1	0	1	1	1	1	1	2	1	1	1	1	1	1	1	1	1	0	1	0	1	0	0	1	1	2	1	2	2	1	1	2	0	1	1	0	2	1	1	0	1	1	1	1	0	1	1	1	1	1	0	1	0	1	1	1	1	1	1	1	1	1	1	1	0	0	1	1	1	1	1
1	1	1	1	1	1	1	1	1	1	1	1	1	1	1	1	1	1	1	1	1	a1	1	1	1	1	1	1	2	2	2	2	1	2	1	1	0	1	2	0	1	2	1	2	0	2	2	2	1	1	2	1	1	2	1	1	1	1	1	0	1	1	0	1	1	1	1	0	1	1	1	1	1	1	1	0	1	1	1	1	1	1	1	0	1	1	1	0	1	1	0	1	1	1	1	1	1	0	0	2	2	1	0	2	2	2	2	0	0	2	0	2	2	0	2	1	1	2	1	1	2	0	0	1	1	0	a2	a2	a2	a2	a2	a2	a2	a2	a2	a2	a2	a2	a2	a2	a2	a2	a2	a2	a2	a2	a2	0	1	1	1	1	1	1	1	1	1	1	1	1
0	1	1	1	1	1	1	1	1	1	1	0	0	1	1	1	1	1	1	1	0	a1	1	1	1	1	1	1	1	0	2	1	2	2	1	2	0	1	2	2	1	2	2	0	1	0	2	2	2	2	2	1	1	0	1	2	1	1	0	1	0	1	0	1	0	1	1	1	1	1	0	1	1	1	1	1	1	1	0	1	1	1	1	1	1	1	1	1	1	1	1	0	1	1	0	0	2	2	0	1	1	2	0	1	1	0	2	0	1	1	2	0	1	2	2	2	0	0	0	0	1	2	2	2	0	2	a2	1	1	1	0	1	1	1	1	1	1	1	1	1	1	1	1	1	1	1	a2	1	1	0	1	1	1	1	1	1	1	1	0	1
1	1	1	1	1	1	1	1	1	0	1	1	1	1	0	0	1	1	1	1	1	a1	1	1	1	1	1	2	2	1	1	0	2	0	0	2	1	1	2	0	2	1	1	1	2	0	1	2	1	2	1	0	1	2	2	0	2	1	1	0	1	1	1	1	1	1	0	1	1	1	1	0	1	1	1	1	1	1	1	1	1	0	1	1	1	1	0	1	1	0	1	1	1	1	1	1	0	0	2	1	2	2	2	2	2	2	2	2	1	1	0	2	2	1	1	2	1	2	1	2	1	1	1	1	2	1	a2	1	1	1	0	1	1	1	1	1	1	0	1	1	1	0	1	1	1	1	a2	1	1	0	1	0	1	1	1	1	0	1	1	1
1	1	1	1	1	1	1	1	0	1	1	1	1	1	1	0	1	1	1	1	1	a1	1	1	1	0	1	1	0	0	1	1	1	0	1	1	1	1	1	1	1	1	1	0	0	0	1	1	1	1	0	1	1	1	1	1	1	1	0	1	0	1	0	1	1	1	1	1	0	0	0	0	1	1	1	1	1	1	1	1	1	0	0	1	1	1	1	1	1	0	1	1	0	1	1	1	2	2	2	2	1	1	1	0	1	0	2	1	2	1	2	2	2	1	1	2	1	2	1	1	2	2	2	0	1	1	a2	1	1	1	1	0	1	1	0	1	1	1	1	1	1	0	0	1	0	0	a2	1	1	0	1	1	1	1	0	1	1	0	0	1
1	1	1	1	1	0	1	1	1	0	1	0	1	1	1	1	1	0	1	0	1	a1	1	1	1	1	1	1	1	1	1	1	1	0	0	1	1	1	1	1	1	1	0	1	1	1	1	1	1	1	1	1	1	1	1	1	1	0	1	1	1	0	0	1	1	1	1	1	1	1	0	0	1	1	1	1	1	1	0	1	0	1	1	1	0	1	1	0	0	1	1	1	1	0	1	0	1	1	1	1	0	1	1	0	1	1	1	1	1	1	1	1	1	1	1	1	1	1	1	1	1	1	0	1	1	1	a2	0	1	1	1	1	1	1	1	1	1	1	1	1	1	0	1	1	1	1	a2	1	1	0	1	1	1	1	1	0	0	1	1	1
1	1	1	1	0	1	1	1	1	1	1	0	1	1	0	1	0	1	1	1	1	a1	1	1	0	1	1	1	1	1	0	1	1	1	1	1	1	1	1	1	1	1	1	1	1	1	0	1	1	0	1	1	1	1	1	1	1	1	1	1	1	1	1	1	1	1	1	1	1	1	0	0	1	1	0	1	1	1	1	1	1	1	1	1	1	1	1	1	0	1	1	1	1	1	1	1	1	1	1	0	1	0	1	1	1	1	1	1	1	1	1	1	1	1	1	1	0	1	0	1	1	1	1	1	1	1	a2	1	1	1	1	1	1	1	0	1	1	1	1	1	1	1	1	1	1	1	a2	0	0	1	1	1	1	1	1	1	1	1	1	1
1	1	1	0	1	1	1	1	1	1	1	1	1	1	0	0	1	0	1	1	1	a1	0	1	0	1	1	1	0	1	1	0	1	1	1	1	1	1	2	1	1	0	2	1	1	0	1	1	1	1	2	1	0	1	2	2	1	1	2	2	0	1	2	2	1	1	1	2	1	1	1	1	1	1	0	1	0	1	1	1	1	1	1	1	1	1	0	1	1	1	0	1	1	1	0	1	1	0	1	1	1	1	1	1	1	1	1	1	1	1	1	0	1	1	1	1	1	1	1	1	0	1	0	0	1	1	a2	1	0	1	0	1	1	0	1	1	1	1	0	1	0	1	0	1	1	0	a2	1	1	1	1	1	1	1	1	1	0	1	0	0
1	1	1	1	1	0	1	1	0	1	1	1	1	1	0	1	0	0	1	1	1	a1	1	0	1	1	1	1	1	1	1	0	1	1	1	1	0	1	0	1	0	2	0	1	1	1	2	1	2	1	1	1	2	2	0	1	2	1	2	2	0	1	2	2	1	1	0	2	0	1	0	1	1	1	1	1	1	1	1	1	1	1	1	1	1	1	1	1	0	1	1	1	1	1	1	0	1	0	0	1	0	1	1	1	1	1	0	1	1	1	0	0	1	0	1	1	1	1	1	1	1	0	1	1	1	1	a2	1	1	1	1	1	1	1	1	1	1	1	1	1	1	1	1	1	1	1	a2	1	1	0	1	1	1	1	1	1	0	1	1	1
1	1	1	1	0	1	1	0	1	0	1	1	1	0	1	1	1	0	0	1	1	a1	1	1	1	1	1	1	0	0	1	0	1	1	0	0	0	1	0	2	1	2	1	1	1	2	0	2	2	1	1	2	1	1	1	1	2	0	2	1	1	0	1	1	0	0	0	2	1	1	1	1	1	1	1	1	1	0	1	1	1	1	1	0	1	1	1	1	1	1	1	1	1	1	1	1	1	1	1	1	1	0	1	1	1	1	1	1	1	1	0	0	0	1	1	1	1	1	1	1	1	1	0	1	0	1	a2	1	1	1	0	1	1	1	0	1	1	1	1	1	1	1	0	1	0	1	a2	1	1	1	1	1	1	1	1	1	1	0	1	0
1	1	1	1	0	1	1	0	1	1	1	1	1	1	1	1	1	1	1	0	1	a1	1	1	1	0	1	0	1	1	1	1	0	1	1	0	0	1	1	1	1	2	2	1	2	2	1	2	0	2	0	0	2	2	2	1	2	1	2	1	1	1	2	1	2	1	1	0	1	0	1	1	1	1	1	1	1	0	1	1	1	1	0	1	1	1	1	1	1	0	0	1	0	1	1	0	1	1	1	1	0	1	1	0	1	1	1	0	1	0	1	1	1	1	1	1	1	1	1	1	1	1	1	1	1	1	a2	1	0	0	1	0	1	1	0	1	1	1	1	1	0	1	1	1	1	1	a2	1	1	0	0	1	1	0	1	1	0	1	0	1
0	1	1	1	0	1	1	1	1	1	1	1	1	1	1	1	1	1	1	0	1	a1	1	1	1	0	1	1	1	1	1	0	0	1	1	1	1	1	2	2	0	1	2	2	1	2	1	2	0	0	1	1	0	2	1	1	1	1	0	0	1	2	2	2	2	1	2	0	1	1	1	1	1	1	1	0	1	1	1	1	1	1	1	1	1	1	0	1	1	1	1	1	1	1	1	1	1	1	1	1	1	1	1	1	1	1	0	1	0	1	1	1	1	1	1	1	1	1	1	1	1	1	1	1	1	0	a2	1	1	1	1	1	1	0	0	1	1	1	1	1	1	0	1	1	1	1	a2	0	1	1	1	1	1	1	0	1	1	1	1	1
1	1	0	0	0	1	1	1	0	1	0	1	1	1	1	1	1	1	1	1	1	a1	1	0	0	1	1	1	1	1	1	1	1	1	1	1	1	0	2	0	2	1	1	2	1	0	0	1	2	2	2	2	0	2	2	0	2	2	2	2	1	0	0	1	2	0	1	1	1	1	1	1	1	1	1	1	1	1	0	1	1	1	0	1	1	0	1	1	1	1	0	1	1	1	0	1	1	0	1	1	1	1	1	1	1	0	1	1	0	1	0	1	1	1	0	1	0	1	1	1	1	1	1	1	1	1	a2	1	1	0	1	1	1	1	1	1	1	1	1	1	1	1	1	1	1	1	a2	1	1	1	1	1	1	1	1	0	1	1	1	1
1	1	1	1	1	1	1	0	1	1	1	1	1	1	1	1	1	1	1	1	0	a1	1	1	1	1	1	1	1	1	1	1	1	0	1	1	1	1	2	1	1	2	2	1	2	1	2	2	1	2	2	2	0	2	1	0	1	2	2	1	2	1	0	2	0	2	1	2	0	1	1	1	1	0	1	1	1	1	0	1	1	1	1	0	1	0	0	1	1	0	1	1	1	1	1	1	0	1	1	0	1	1	1	1	1	0	1	1	0	1	1	1	1	1	1	1	1	1	1	1	0	1	1	0	1	1	a2	1	0	1	1	0	1	1	0	1	1	1	1	1	1	1	0	1	1	1	a2	1	1	1	1	1	1	0	1	1	1	1	1	0
1	1	1	1	1	1	1	1	1	1	1	1	0	1	1	1	1	0	1	0	1	a1	1	1	1	1	1	1	1	0	1	1	1	1	1	1	1	0	0	2	1	2	2	0	2	2	1	2	0	1	1	2	2	1	0	2	1	1	0	2	2	2	1	2	1	1	2	1	1	0	1	1	0	0	1	1	1	1	1	1	1	1	1	1	1	1	1	1	1	1	0	1	1	1	1	1	1	1	1	1	1	1	1	1	0	1	1	1	1	1	1	1	1	1	1	0	1	1	1	1	1	1	1	1	1	1	a2	1	1	0	1	1	0	1	1	1	1	0	1	1	1	1	1	1	1	1	a2	1	1	1	0	1	1	1	1	1	1	1	1	1
1	1	1	0	1	0	1	1	1	0	0	1	1	1	0	0	1	1	0	1	1	a1	1	0	1	1	1	0	0	0	0	1	1	1	1	1	0	1	1	1	0	2	1	0	2	1	2	0	2	0	1	2	2	2	2	2	1	2	2	1	2	2	2	1	2	2	1	2	1	1	1	1	1	1	1	1	0	1	0	1	1	1	1	0	1	1	1	1	1	1	1	1	1	1	1	0	1	1	1	1	1	1	1	1	1	1	1	1	1	1	1	1	1	1	1	1	1	0	1	1	1	1	0	1	1	0	a2	1	1	1	0	1	1	0	1	1	1	1	1	1	1	1	1	1	1	1	a2	1	0	1	1	1	1	1	1	0	1	0	1	1
1	0	1	1	0	0	0	1	1	0	0	1	1	1	1	1	1	1	0	0	1	a1	1	1	1	1	1	0	1	0	0	0	1	1	1	1	1	1	2	0	0	1	1	1	2	1	2	0	1	2	1	0	0	2	1	0	2	2	0	2	2	0	1	0	0	1	2	0	1	1	0	0	1	1	0	0	1	1	1	1	1	0	0	1	1	1	1	1	1	1	1	0	0	1	1	0	1	0	1	1	0	0	1	1	1	1	1	1	1	1	0	1	1	1	1	1	1	1	1	1	1	1	1	1	1	1	a2	1	1	1	0	1	1	1	1	0	1	1	1	1	0	1	1	1	1	1	a2	1	1	0	1	0	0	1	0	1	0	0	1	1
1	0	1	1	1	1	1	1	1	1	1	1	1	1	1	1	1	1	1	1	1	a1	1	1	1	1	1	1	1	1	1	1	0	1	1	1	1	0	2	2	2	1	0	1	1	2	1	1	1	1	2	2	0	2	1	1	1	1	1	2	1	0	1	1	1	1	1	1	1	1	1	1	1	1	1	1	1	1	1	1	0	1	1	1	0	0	1	1	1	1	1	1	1	0	1	1	1	1	0	1	1	1	1	1	1	1	1	1	1	1	1	1	1	0	0	1	0	0	1	0	1	1	1	1	1	1	a2	1	1	1	1	1	1	1	1	1	0	1	0	0	1	1	0	1	1	1	a2	1	1	1	1	1	1	1	1	1	1	1	1	1
1	0	1	1	1	0	1	1	1	1	1	1	0	1	1	0	1	1	1	1	1	a1	1	1	1	0	1	1	1	1	0	1	1	1	0	1	1	1	2	0	0	0	2	1	0	2	2	1	1	0	0	1	2	2	2	0	1	1	1	1	0	1	2	2	1	1	2	1	0	1	1	0	0	1	1	1	1	1	0	1	1	1	1	1	1	1	1	0	1	1	1	0	1	1	1	1	1	1	1	0	1	1	1	1	1	1	1	0	1	0	1	1	0	1	1	1	1	1	1	1	1	1	1	1	1	0	a2	1	0	1	1	1	1	1	1	1	1	1	1	1	0	1	1	1	1	1	a2	1	1	0	1	1	1	1	1	1	1	1	1	1
1	1	0	1	1	1	1	1	1	1	1	0	1	0	0	1	1	1	0	1	1	a1	1	1	1	1	0	1	1	1	1	0	1	0	1	1	1	1	0	2	1	0	2	0	2	0	1	1	0	2	0	1	2	2	2	2	0	0	1	2	2	1	2	0	1	0	1	1	1	1	1	1	1	1	1	1	1	1	0	1	1	1	1	0	1	1	1	1	1	0	1	0	0	0	1	1	1	1	1	0	1	1	1	1	1	1	1	0	1	1	1	1	1	1	1	1	1	0	0	1	1	1	1	1	1	1	a2	1	1	1	1	1	1	1	1	1	0	1	1	1	1	0	1	0	1	1	a2	0	1	1	1	1	1	1	1	0	1	1	1	1
1	1	1	1	1	1	1	1	1	1	1	0	0	1	1	1	0	1	1	1	1	a1	1	0	1	1	1	0	1	1	1	0	1	1	1	1	1	0	1	2	2	0	2	1	1	1	1	1	2	2	1	2	2	2	0	2	1	2	1	1	2	2	0	2	1	0	2	1	0	0	1	1	1	1	1	1	1	1	1	1	0	1	0	1	1	1	1	1	1	1	1	1	1	1	0	1	1	1	1	1	0	0	1	1	1	1	1	1	0	0	0	1	1	1	1	1	1	1	1	1	1	1	1	0	1	1	a2	0	1	1	1	1	1	1	1	1	1	0	1	1	0	1	1	1	1	1	a2	1	1	1	0	1	1	1	1	1	1	1	0	1
1	0	1	1	0	1	0	1	1	0	1	1	1	1	1	1	1	0	1	1	1	a1	1	1	1	1	1	1	1	1	1	1	1	1	1	1	1	1	2	2	2	2	2	1	2	0	1	2	2	1	0	2	0	2	0	2	2	1	1	1	1	2	1	1	1	2	0	1	1	1	1	1	1	1	0	1	1	1	1	1	1	0	1	1	0	1	1	1	1	1	1	1	1	1	1	1	0	1	1	0	2	2	1	1	2	1	1	2	1	1	2	1	0	1	2	0	2	2	1	1	0	1	1	2	0	1	a2	0	1	1	1	1	1	1	1	0	1	0	1	1	1	1	1	0	1	1	a2	1	0	1	0	0	0	1	1	1	1	1	1	1
1	1	1	1	1	1	1	1	1	1	0	1	1	1	1	1	0	1	0	1	1	a1	0	0	1	1	1	1	1	1	1	1	0	1	1	1	0	1	1	1	2	2	1	0	0	2	1	2	0	1	2	1	2	2	2	2	2	2	1	1	2	1	1	2	0	2	1	0	1	1	1	0	0	0	1	1	1	1	1	1	0	1	0	1	0	1	1	0	0	1	1	1	0	1	1	2	1	1	2	0	0	2	1	2	1	2	2	2	2	1	1	2	0	1	1	1	1	1	2	2	2	1	1	2	2	1	a2	1	0	1	0	1	1	1	1	1	1	1	1	1	0	1	1	1	1	1	a2	1	1	1	1	1	1	1	1	1	1	1	1	1
0	1	0	1	1	1	1	1	0	0	1	1	1	1	1	1	1	1	1	1	1	a1	1	1	1	0	1	1	0	1	1	1	1	1	1	0	1	1	1	1	2	1	0	2	2	1	2	1	2	0	2	2	0	0	0	1	1	1	1	2	2	1	1	0	0	2	1	2	1	1	0	1	0	1	1	1	1	0	0	1	1	1	1	1	1	1	1	1	1	1	1	1	1	1	1	1	2	2	2	0	2	2	1	2	0	2	1	2	0	0	2	2	2	1	2	0	2	1	1	2	0	2	1	1	0	1	a2	1	0	1	0	1	1	1	0	1	1	1	1	1	1	0	0	1	1	1	a2	1	0	1	1	0	1	0	0	1	1	1	0	0
1	1	1	1	1	0	1	1	0	1	0	1	0	1	1	0	1	1	1	0	1	a1	1	1	1	1	1	1	1	1	1	1	1	1	1	1	1	1	2	0	2	2	0	0	2	0	2	1	0	2	1	0	1	2	1	2	1	2	1	0	1	0	2	1	2	1	1	0	1	1	1	1	0	1	1	1	0	0	0	1	0	0	1	1	1	1	1	0	1	1	1	0	1	1	1	1	2	2	1	2	1	2	1	1	1	1	0	2	2	2	1	1	2	0	0	0	0	1	2	1	1	2	2	0	1	1	a2	1	1	1	0	1	0	0	1	1	1	0	1	0	1	1	1	1	0	1	a2	1	1	1	1	1	1	1	1	1	1	1	0	1
1	1	0	1	1	1	1	1	1	1	1	1	1	1	1	1	1	1	0	0	1	a1	1	0	0	0	1	1	1	1	1	1	1	1	1	1	1	1	1	2	2	2	0	1	2	0	1	1	0	1	1	2	2	1	2	1	1	2	2	1	2	2	2	0	1	0	1	2	1	1	1	1	1	1	1	1	0	1	1	1	1	1	1	0	1	1	1	1	0	1	0	1	1	1	1	0	2	2	0	2	1	2	0	1	1	1	1	2	1	2	2	1	2	1	2	0	1	2	0	2	1	1	1	0	0	1	a2	1	1	1	1	1	1	1	1	1	1	1	1	1	1	1	1	1	0	1	a2	0	0	1	1	1	1	1	1	0	1	1	1	1
1	1	1	0	0	1	1	1	1	1	0	0	1	1	1	1	1	1	0	1	1	a1	1	0	1	1	1	1	0	0	1	1	1	1	1	1	1	1	0	0	2	2	0	2	0	0	0	1	2	2	2	2	1	1	2	0	2	0	0	0	2	1	2	2	0	1	2	2	1	1	1	0	1	1	1	1	1	0	1	1	0	1	1	1	1	1	1	1	1	1	0	1	1	1	1	1	2	0	1	2	2	2	2	1	0	1	1	0	2	2	2	0	1	1	2	2	2	1	2	2	2	2	1	2	2	0	a2	1	1	1	0	0	0	0	1	1	1	1	1	1	1	1	1	1	1	0	a2	1	1	1	1	1	0	1	1	1	1	1	1	1
0	0	1	1	1	1	1	1	1	0	1	1	1	0	1	1	1	1	1	1	1	a1	0	1	0	1	1	1	0	0	0	1	1	0	1	1	1	1	1	2	2	2	2	1	1	0	2	1	1	2	1	2	2	2	1	2	0	1	2	1	2	1	1	2	1	1	2	0	1	1	1	1	1	1	1	1	0	1	0	1	0	1	1	1	1	0	1	1	1	0	0	1	1	0	1	0	2	0	0	2	0	2	1	1	1	2	0	1	0	1	2	1	1	2	2	1	1	2	2	1	2	2	1	1	2	1	a2	1	1	1	0	1	1	1	1	0	1	1	1	1	1	1	0	1	1	1	a2	1	1	0	1	1	1	0	1	1	1	1	0	1
1	0	1	1	0	1	1	1	1	1	1	1	1	0	1	0	0	1	1	1	1	a1	1	1	1	1	0	1	1	1	1	1	1	1	1	1	1	1	0	1	2	2	2	0	0	1	1	2	2	1	2	2	0	2	2	0	0	1	2	1	0	2	1	1	0	1	1	2	1	1	1	1	1	1	1	1	1	1	1	1	1	1	1	1	1	1	1	1	1	1	1	1	1	1	1	1	1	0	1	0	1	1	0	2	2	1	0	0	0	2	1	0	2	1	2	2	2	1	1	1	1	2	1	2	2	1	a2	1	0	1	1	0	1	1	1	1	1	1	1	1	0	1	1	1	1	1	a2	1	1	1	1	0	0	1	1	1	1	1	1	0
1	1	1	1	1	0	1	1	1	1	1	0	1	1	1	0	1	1	1	0	1	a1	1	1	0	1	1	1	1	0	1	1	1	1	1	1	0	1	1	1	1	1	1	1	2	2	0	2	2	1	0	0	1	0	1	1	2	1	2	2	1	2	1	1	1	1	1	0	0	1	1	1	1	1	1	1	1	1	1	0	0	1	1	1	1	1	1	1	1	1	1	0	1	1	0	1	1	1	2	0	1	2	2	1	0	2	2	1	1	2	2	2	2	1	0	2	2	1	0	0	1	2	2	1	0	1	a2	1	1	0	1	1	0	1	1	1	1	0	1	0	1	0	1	1	1	1	a2	0	0	0	1	1	1	0	1	1	0	0	0	1
1	0	1	1	0	1	1	1	1	1	1	1	1	1	1	1	1	1	1	1	1	a1	1	0	1	1	1	1	1	1	1	1	0	1	1	1	1	1	2	1	1	2	0	2	1	1	2	2	2	0	1	2	0	0	2	0	1	0	1	0	0	2	2	1	2	1	2	1	0	1	0	1	0	1	1	1	1	1	1	1	1	1	1	1	1	1	1	1	1	1	1	1	1	0	1	1	2	1	1	2	1	2	1	1	1	2	1	0	2	0	1	2	2	2	2	1	2	1	0	2	1	2	1	1	1	0	a2	1	1	1	1	1	1	1	1	1	1	1	1	0	1	1	1	1	1	1	a2	1	1	1	1	0	1	1	1	1	1	1	1	1
1	1	1	1	1	1	1	1	1	1	0	1	1	1	1	1	1	0	1	1	1	a1	0	0	1	1	1	1	1	0	1	1	1	1	1	1	1	1	2	1	2	2	1	0	2	2	1	1	1	1	2	2	0	1	1	2	2	0	1	2	0	0	0	2	1	1	2	0	1	1	1	0	1	1	1	1	1	1	1	1	1	0	1	1	1	1	1	1	1	1	0	0	1	1	0	0	2	1	2	0	1	1	0	2	0	1	1	1	2	0	2	2	1	1	2	1	2	2	1	2	1	1	0	2	1	1	a2	0	1	1	1	1	0	1	1	1	1	1	1	1	1	1	0	1	1	1	a2	1	1	1	1	0	1	1	0	1	0	1	1	1
1	1	1	1	1	0	1	0	1	1	1	1	1	0	1	1	0	0	0	0	1	a1	1	1	1	1	1	0	1	1	1	1	1	1	1	0	1	0	2	1	0	1	0	2	2	1	0	1	1	1	2	1	1	0	2	2	1	2	1	2	2	1	1	0	0	2	2	1	1	1	0	1	1	0	1	1	1	1	1	1	1	1	1	1	1	1	1	0	1	1	0	1	1	1	0	2	1	1	1	1	1	1	0	2	0	1	1	0	2	2	2	2	1	1	2	1	2	0	2	2	0	2	1	2	1	1	a2	1	1	0	1	1	1	1	1	1	0	1	1	1	1	1	1	1	1	0	a2	1	1	0	1	1	1	1	1	1	1	1	1	1
1	0	1	1	1	1	1	1	1	0	1	1	0	1	1	1	1	1	1	0	1	a1	0	1	0	0	1	1	1	1	1	0	1	0	1	1	1	1	0	2	1	1	1	2	2	0	2	2	2	2	2	1	2	1	2	1	2	1	2	2	0	2	1	2	1	2	1	2	0	1	0	0	1	1	1	1	1	0	1	0	0	1	0	1	1	0	1	1	1	1	1	1	1	1	1	2	1	2	1	2	0	1	0	2	0	2	1	2	0	1	2	2	2	1	2	1	2	2	0	0	2	2	2	2	1	2	b2	1	2	2	1	2	2	2	0	2	2	2	0	2	1	1	1	1	1	1	a2	1	1	1	1	1	1	1	1	1	1	0	1	1
1	0	1	0	1	0	1	0	0	1	1	1	1	0	1	1	1	0	1	1	1	a1	0	1	1	1	1	1	1	1	1	1	0	0	1	0	1	0	2	2	0	2	0	1	2	1	2	2	0	0	2	2	1	2	1	1	0	1	1	1	1	2	2	1	2	0	2	2	1	1	0	0	1	1	0	0	0	1	0	1	0	1	1	1	1	1	1	0	1	1	1	1	1	1	1	0	2	1	2	1	2	2	1	2	2	2	2	1	1	1	0	0	2	0	2	0	2	1	2	2	2	2	0	2	2	2	b2	1	1	0	2	1	1	2	2	1	0	2	2	0	2	2	0	0	1	1	a2	1	0	1	1	1	1	1	1	1	1	1	1	1
0	1	1	1	1	1	1	1	0	1	1	1	1	1	1	0	1	1	1	0	1	a1	1	1	0	0	1	1	1	1	0	1	1	1	1	1	1	1	2	0	2	0	1	2	1	2	0	1	0	2	2	1	2	2	2	2	2	1	2	0	2	2	1	0	1	1	1	1	0	1	1	1	1	1	1	1	1	1	1	1	1	0	1	1	1	1	1	1	0	1	0	1	0	0	1	1	2	1	1	1	2	1	2	2	1	2	2	2	1	2	1	1	1	1	0	1	2	1	0	2	2	2	0	2	1	2	a2	1	1	1	1	2	2	2	2	1	2	2	1	2	2	1	0	1	1	1	a2	1	1	1	1	1	1	0	1	1	1	1	1	1
0	1	1	1	1	0	1	1	1	1	1	1	1	1	1	1	1	1	1	0	1	a1	1	1	1	1	1	1	1	1	1	0	1	1	1	1	0	1	1	2	1	1	1	1	2	1	1	2	2	1	2	2	2	1	2	1	2	0	2	0	2	0	1	1	2	0	2	2	0	1	1	0	0	1	0	1	1	1	1	1	1	0	1	1	1	1	1	1	0	1	1	1	1	1	1	0	1	0	2	1	2	1	2	2	1	1	2	1	0	2	2	1	1	0	2	2	1	2	1	2	2	2	2	2	1	2	a2	0	1	2	1	1	1	1	1	2	0	1	1	2	1	1	2	1	1	0	a2	1	1	0	0	0	0	1	0	1	1	1	1	1
1	1	1	1	0	0	1	1	0	1	0	1	1	1	1	1	1	1	1	1	1	a1	1	1	0	1	1	1	1	1	0	1	1	1	1	0	1	1	1	1	1	1	1	0	1	1	1	1	1	1	1	1	0	1	1	1	1	1	1	0	1	1	0	1	1	1	1	1	1	0	1	1	1	0	1	1	1	1	1	0	1	1	0	1	1	0	1	1	1	1	1	1	0	0	0	0	2	1	1	1	2	1	0	1	1	1	2	0	0	1	1	1	1	2	2	2	1	2	2	0	2	0	2	2	2	2	a2	1	1	2	2	2	1	1	1	1	2	1	2	1	1	0	1	1	1	1	a2	1	1	1	1	1	1	1	1	1	0	1	1	1
1	1	1	1	1	0	1	1	1	1	1	1	1	1	1	1	1	1	1	0	1	a1	1	0	1	1	1	0	1	1	1	1	1	1	1	0	1	0	1	1	1	1	1	0	1	1	1	1	1	1	1	1	1	1	1	0	1	1	1	1	1	1	1	1	1	1	1	1	1	1	1	1	1	1	1	1	1	1	1	1	1	0	1	1	1	1	1	0	1	1	0	1	1	0	1	2	1	1	2	1	1	1	2	2	2	0	2	0	0	1	2	2	0	2	2	0	2	1	2	0	0	2	0	2	2	2	a2	1	1	1	2	0	2	0	2	1	1	1	0	2	1	0	2	1	1	1	a2	1	0	1	0	0	0	1	1	1	0	1	1	1
1	1	0	1	1	1	1	1	1	1	1	1	1	0	1	1	1	1	1	1	1	a1	1	1	1	1	1	1	1	1	1	1	0	1	1	1	1	1	0	0	1	0	1	1	1	1	1	1	1	1	1	1	1	1	0	1	1	1	1	1	1	1	0	0	0	1	1	0	1	1	1	0	0	1	0	1	1	1	1	0	1	1	1	1	1	1	1	0	0	1	1	1	1	1	1	1	0	1	1	1	2	2	1	0	1	1	2	2	0	1	0	2	1	2	2	0	2	2	1	1	2	2	2	1	2	1	a2	0	1	2	0	0	2	0	2	2	2	0	2	0	0	1	2	1	1	1	a2	0	1	1	1	1	1	1	1	0	1	1	1	0
0	1	1	1	0	1	1	1	1	1	1	1	1	1	1	1	0	1	1	0	1	a1	0	1	0	1	1	1	1	1	1	1	0	1	1	1	1	1	1	1	0	1	1	1	1	1	0	0	1	0	1	0	1	1	0	1	1	1	1	1	1	1	1	1	1	1	0	1	1	1	0	1	0	1	0	1	0	1	1	0	0	0	1	1	1	1	1	1	1	1	1	1	1	1	1	1	1	0	2	0	2	1	2	0	1	1	0	1	1	2	2	1	2	2	0	2	2	2	1	2	0	2	0	2	2	2	b2	2	2	2	2	1	1	2	2	2	0	0	1	2	1	2	1	0	1	1	a2	1	1	1	1	1	1	1	1	1	1	1	1	0
1	1	0	1	1	1	1	1	1	1	1	1	0	1	1	0	0	1	0	1	1	a1	1	1	1	0	1	1	0	1	1	1	1	1	1	1	0	1	1	1	1	1	1	1	0	0	1	1	1	0	0	1	0	1	1	1	1	1	1	1	1	1	1	1	1	0	1	0	1	0	1	0	1	1	1	1	1	1	1	1	1	1	1	0	1	0	0	1	1	1	1	0	0	1	1	0	1	1	1	1	1	2	1	1	2	2	b2	b2	a2	b2	a2	b2	a2	b2	b2	a2	b2	b2	b2	b2	a2	b2	b2	b2	b2	b2	a2	1	2	0	1	2	0	1	2	1	2	0	2	2	2	2	0	1	1	1	a2	1	1	1	1	1	1	0	1	1	1	1	0	1
a1	a1	a1	a1	a1	a1	a1	a1	a1	a1	a1	a1	a1	a1	a1	a1	a1	a1	a1	a1	a1	a1	1	1	1	1	1	0	0	1	0	1	1	1	1	1	1	1	1	1	1	0	1	0	1	1	1	1	1	1	1	1	1	1	1	1	1	1	0	0	1	1	1	0	1	0	1	1	0	1	1	1	1	0	1	0	0	1	1	0	1	0	1	0	1	1	1	1	1	1	1	0	1	0	1	1	2	1	2	2	0	2	1	0	0	2	b2	1	2	0	1	2	0	2	2	0	2	2	2	0	0	0	1	1	2	1	0	0	2	1	1	2	1	2	2	0	2	1	2	0	2	2	0	1	1	0	a2	1	1	1	1	1	1	1	1	1	0	0	1	1
1	1	1	1	1	0	1	0	0	1	1	1	0	1	0	1	1	1	1	1	1	1	1	1	1	1	1	1	1	1	0	1	1	0	1	0	1	1	1	1	1	1	1	0	1	1	0	1	1	0	1	1	0	0	1	1	1	0	1	1	1	1	1	1	1	1	0	1	1	1	1	1	1	0	1	1	1	1	1	1	0	1	1	1	1	1	1	0	1	1	1	1	1	1	0	1	0	2	2	2	0	2	1	1	2	1	b2	2	1	1	0	2	2	2	2	0	1	2	2	2	0	2	2	1	2	0	0	2	1	1	0	1	1	2	0	2	2	0	0	1	2	2	1	1	0	0	a2	1	1	0	0	1	1	1	1	1	0	1	0	1
1	1	1	0	1	1	0	1	1	1	1	1	1	1	1	1	1	1	1	1	1	1	1	1	0	0	1	1	1	1	1	1	1	1	0	1	1	1	1	0	0	1	0	1	1	1	1	1	1	0	0	1	1	1	1	1	1	1	1	0	0	1	1	1	1	1	0	1	1	0	1	1	1	1	1	1	1	1	0	1	1	1	0	1	0	1	0	1	1	1	0	1	1	1	1	1	1	2	1	1	2	2	1	2	2	2	a2	2	1	2	2	1	2	2	0	2	2	1	1	2	2	2	0	2	1	1	1	1	0	2	2	1	2	0	0	2	0	1	2	1	1	1	0	1	1	1	a2	1	1	0	1	1	1	1	1	1	1	1	1	1
1	0	1	1	1	1	1	1	1	1	1	1	1	0	1	1	1	1	1	0	1	0	0	1	1	1	1	0	1	1	0	0	1	1	1	1	1	1	1	1	1	1	0	1	1	1	1	1	1	1	1	1	1	1	1	1	1	0	0	0	1	1	1	1	1	1	1	1	1	1	1	0	0	1	1	1	1	0	1	0	1	1	1	1	1	0	0	0	0	1	1	1	1	1	1	2	0	0	1	2	0	1	2	2	0	1	b2	1	2	0	2	2	2	2	2	2	2	1	2	0	1	2	2	1	2	0	0	2	2	2	2	0	2	2	2	0	0	1	1	1	0	1	2	1	1	1	a2	1	1	1	0	0	0	1	1	1	1	1	1	1
1	0	1	1	1	1	1	1	0	0	1	1	0	1	1	1	1	1	1	0	1	1	1	1	1	1	1	1	1	1	0	1	1	1	0	1	0	1	1	1	1	1	1	1	0	1	1	1	1	0	1	1	1	0	1	1	1	1	1	1	1	1	1	1	1	1	1	1	1	1	1	1	1	1	0	1	1	0	1	1	1	1	1	0	1	1	1	0	1	1	1	1	1	1	1	0	2	1	2	2	2	0	0	0	1	1	a2	2	0	1	1	2	1	2	2	2	1	2	1	0	2	0	2	2	1	0	1	0	1	0	2	0	1	2	1	1	0	2	2	2	0	0	2	1	1	1	a2	1	1	1	1	1	1	1	1	1	1	1	1	1
0	1	1	1	0	1	0	0	1	0	1	1	1	0	1	1	1	1	1	1	1	1	1	0	1	0	1	1	1	1	0	1	0	1	1	1	1	1	0	1	0	1	1	1	1	1	1	1	1	1	0	1	1	1	1	1	1	1	0	1	1	1	1	1	1	1	1	1	1	1	1	1	1	1	0	1	1	0	1	1	1	1	1	1	0	1	1	1	0	1	1	1	1	1	0	1	0	1	1	0	2	2	1	0	2	0	a2	2	2	2	0	2	2	2	0	0	1	1	0	0	2	2	2	1	0	2	2	0	0	0	2	1	1	2	2	0	1	2	1	0	2	1	2	1	1	1	a2	1	1	1	1	1	1	1	0	1	1	1	1	1
1	1	0	1	0	1	0	0	1	1	1	1	0	1	1	1	1	1	0	1	1	1	1	0	1	1	0	1	1	1	1	0	1	0	1	1	1	1	0	1	1	1	1	1	1	1	1	1	1	1	1	1	0	0	1	1	1	0	1	1	1	1	1	1	1	1	1	1	1	1	1	1	1	1	0	1	1	1	1	1	0	1	1	1	1	1	1	1	1	1	1	1	1	1	1	1	1	1	1	2	2	2	2	2	2	2	a2	1	2	2	2	1	2	2	0	2	2	2	0	2	0	1	1	0	0	1	2	2	2	2	2	1	1	2	2	2	2	1	0	0	1	0	1	1	1	1	a2	1	1	1	0	1	1	1	1	1	0	1	0	1
1	1	1	1	1	1	1	1	0	0	1	1	0	1	1	1	1	0	0	1	1	1	1	1	1	1	1	1	1	1	1	0	1	1	0	1	1	1	1	1	1	1	1	1	1	0	1	1	1	1	1	1	1	1	0	0	1	0	1	0	0	1	1	1	1	1	0	1	1	1	1	1	1	1	1	0	0	1	1	1	1	1	1	0	1	1	1	1	1	1	0	1	0	1	1	0	1	1	0	2	2	2	0	2	2	2	b2	0	2	0	2	1	2	2	1	2	2	0	2	1	1	0	2	1	0	0	2	1	1	0	1	1	2	2	1	1	1	1	1	1	2	2	2	1	1	1	a2	1	1	1	0	1	1	1	1	1	1	1	1	1
1	1	1	1	1	1	1	1	1	1	1	1	1	1	1	0	1	1	1	0	1	1	0	0	1	0	1	2	0	1	2	0	2	0	1	2	1	0	1	2	2	0	1	2	1	1	0	0	2	1	2	1	1	2	2	0	2	1	1	1	1	1	1	1	1	0	1	1	1	1	1	1	1	0	0	1	1	1	1	1	1	1	1	1	1	0	1	1	1	1	1	1	0	1	0	1	1	1	1	2	1	0	2	1	1	1	b2	0	0	2	1	1	2	2	2	2	2	2	2	0	1	2	2	1	0	0	1	1	2	1	0	1	1	2	1	1	1	2	2	2	1	2	2	0	1	1	a2	0	0	0	1	1	0	1	1	0	1	0	1	1
0	1	1	1	0	1	1	1	1	1	1	0	1	0	1	1	1	1	1	1	0	1	0	1	1	1	1	1	2	1	1	1	2	1	2	0	0	0	1	2	1	0	0	1	1	1	1	1	1	2	0	0	1	2	0	2	1	1	1	0	1	1	0	1	1	1	1	1	1	1	1	1	1	1	1	1	1	0	1	1	0	1	1	1	0	0	0	1	1	1	1	1	0	1	1	1	1	1	1	1	0	1	0	1	1	1	a2	1	1	0	1	1	1	0	2	1	2	1	2	0	2	1	2	2	1	1	0	2	1	2	1	0	2	1	0	2	1	2	1	2	2	2	0	1	1	1	a2	1	1	1	1	1	1	1	1	1	1	0	0	1
0	1	1	1	1	1	1	1	0	1	1	0	1	1	0	1	1	1	1	1	1	0	1	1	0	1	1	1	1	1	1	2	1	1	2	1	2	2	2	2	0	1	1	2	2	1	0	0	1	2	1	1	0	2	0	2	1	1	1	1	1	1	1	1	1	1	1	0	1	1	1	1	1	1	1	1	0	1	0	1	1	1	1	1	0	1	1	1	1	1	1	1	1	1	1	1	1	1	1	0	0	1	1	1	1	1	a2	1	1	0	1	0	1	1	1	2	0	2	2	2	1	1	0	2	2	2	2	1	2	0	2	0	2	2	1	1	2	1	1	0	2	1	1	0	1	1	a2	1	1	0	0	1	1	1	0	1	1	0	1	1
1	0	1	1	1	1	1	0	1	1	1	1	1	0	1	1	1	1	1	1	1	1	1	1	0	1	1	1	2	0	1	2	1	0	1	2	1	2	1	1	2	1	1	0	1	1	1	2	1	2	1	2	1	1	1	0	0	1	1	0	1	1	1	0	0	0	1	0	1	1	0	1	1	0	1	1	1	1	1	1	0	1	0	0	1	1	1	1	1	0	1	1	1	1	1	1	1	1	1	1	1	1	0	0	1	1	a2	1	1	0	1	1	1	0	1	0	1	0	1	2	1	2	1	0	1	1	2	1	1	1	2	2	2	2	2	0	0	1	2	1	1	2	2	1	1	1	a2	1	0	0	0	1	1	1	1	1	1	1	1	1
1	1	1	1	1	1	1	0	1	1	1	1	0	1	1	1	0	0	1	1	1	1	1	1	1	1	0	2	1	0	1	0	2	2	2	1	2	1	1	2	0	0	1	2	2	1	1	1	1	1	2	0	0	0	2	2	0	1	1	1	1	1	1	0	0	1	0	1	1	1	1	1	0	1	0	1	1	1	1	1	1	1	1	1	1	1	1	1	1	1	0	1	0	0	1	1	1	0	0	1	1	1	1	1	1	1	a2	1	0	1	1	1	1	2	1	1	2	0	1	2	2	0	1	1	0	2	1	1	0	1	2	1	0	1	1	2	1	1	0	1	2	1	2	1	1	1	a2	1	1	1	1	1	1	1	1	0	1	1	1	1
1	1	1	1	1	1	1	0	1	1	0	1	0	0	1	1	1	1	0	1	0	1	1	1	1	1	1	1	0	2	0	0	2	0	0	1	2	1	2	2	1	0	1	1	2	1	2	2	1	2	2	1	2	1	1	2	1	1	1	1	0	1	1	1	1	1	1	0	1	1	1	1	1	1	0	1	1	1	1	0	1	0	1	1	1	1	1	1	1	1	0	1	1	1	1	1	1	1	1	1	1	1	1	1	1	1	a2	1	1	1	1	0	0	2	0	1	1	2	2	1	2	0	1	1	1	1	0	1	2	1	1	2	2	2	2	2	2	0	1	1	1	2	2	1	1	1	a2	1	1	1	1	1	1	1	1	1	1	1	1	0
1	1	0	1	1	1	1	1	1	1	1	1	1	1	1	1	1	1	1	0	1	1	1	1	1	1	1	0	1	2	1	2	2	1	2	2	1	2	0	2	2	1	0	0	2	0	1	2	0	1	1	1	2	1	2	2	2	1	1	0	0	1	1	1	1	0	0	1	1	1	0	0	1	1	0	1	1	1	0	0	0	1	1	1	0	0	1	0	1	0	1	1	1	1	1	1	0	1	1	1	1	1	1	1	1	0	a2	1	1	1	1	1	1	2	2	1	2	1	2	2	1	0	1	2	0	2	1	1	0	0	0	1	0	2	0	2	2	2	2	1	2	0	2	0	0	1	a2	1	1	0	1	1	0	1	1	0	1	1	1	1
1	1	1	1	1	1	1	1	0	1	1	1	0	1	1	1	0	1	0	1	1	1	1	1	1	1	1	2	1	0	1	0	1	0	2	0	0	1	1	1	1	1	0	2	2	1	1	2	2	1	2	1	2	1	0	2	2	1	1	0	1	1	1	0	1	0	1	1	1	1	1	1	1	1	1	0	1	0	1	1	1	1	1	1	1	1	1	1	1	1	1	0	1	1	1	1	1	0	0	0	1	0	1	1	1	1	a2	1	1	1	1	0	0	1	1	2	1	2	2	2	1	2	1	0	1	1	0	1	1	1	2	0	1	2	1	0	0	1	1	2	0	2	2	1	1	1	a2	1	1	0	1	1	1	1	1	1	1	0	1	0
0	1	1	1	1	1	0	1	1	0	1	1	1	1	1	0	1	0	0	0	1	1	1	1	1	1	1	1	1	2	1	2	2	1	2	2	2	2	2	2	2	2	2	1	1	1	1	2	1	1	2	1	0	1	1	1	2	0	1	1	1	1	1	1	1	1	1	1	1	0	0	1	1	1	1	1	1	0	1	1	1	1	1	1	1	1	0	1	1	0	1	1	1	1	1	1	1	1	1	1	1	0	1	1	1	0	a2	1	1	1	1	0	1	1	2	1	2	2	0	2	1	1	1	0	1	2	1	2	1	1	2	2	0	2	2	0	1	1	1	0	1	2	2	1	0	1	a2	1	0	1	1	0	1	0	0	1	1	1	0	1
1	1	1	0	1	0	1	1	1	0	1	1	1	1	0	1	1	1	1	1	1	0	1	1	1	1	1	1	2	0	0	1	2	1	0	1	2	2	2	2	2	2	0	2	2	2	0	1	1	1	2	2	0	1	2	2	1	1	1	1	1	0	1	0	1	1	0	1	1	1	1	1	0	1	1	1	1	1	1	1	0	0	1	1	1	0	1	0	1	1	1	1	1	1	1	1	1	0	1	1	1	1	1	1	0	0	a2	1	1	1	0	1	1	0	1	2	1	1	1	0	2	1	0	2	2	2	1	1	1	2	0	2	1	2	2	2	1	2	2	2	2	1	1	0	1	1	a2	0	1	1	1	1	1	1	1	1	1	1	1	1
0	1	0	0	1	0	1	1	0	1	0	1	1	1	1	1	1	1	0	1	1	1	1	1	1	1	1	1	0	1	1	0	0	0	1	1	2	1	2	0	0	2	1	1	1	1	2	0	1	1	2	0	0	0	1	1	1	1	1	1	1	1	1	1	1	1	0	1	0	1	1	1	0	1	0	1	1	0	1	1	0	1	1	1	1	1	1	1	1	1	1	1	1	0	1	0	1	1	1	0	0	1	1	1	1	0	a2	1	0	1	1	1	1	0	2	2	1	0	0	1	0	1	1	2	1	1	1	1	0	1	2	2	2	0	2	2	2	2	2	2	2	1	2	1	1	0	a2	1	1	1	1	1	1	0	1	1	0	1	1	0
1	1	0	1	1	0	1	1	1	1	1	1	1	0	1	1	1	1	1	1	1	1	1	1	1	1	1	1	1	1	1	0	1	0	0	1	0	2	1	1	2	1	1	1	1	1	1	2	1	2	1	0	2	0	2	2	1	1	1	0	1	1	0	1	1	1	1	1	1	1	1	1	1	0	1	1	1	1	1	1	0	0	1	1	1	1	1	0	1	1	1	1	1	1	1	1	1	1	1	1	1	1	1	1	0	1	a2	1	1	1	1	1	1	0	2	0	2	0	1	1	1	1	2	2	1	0	1	1	1	2	1	1	1	1	1	0	1	1	2	2	1	0	1	1	1	1	a2	a2	a2	a2	a2	a2	a2	a2	a2	a2	a2	a2	a2	a2
0	1	1	0	1	1	1	1	1	1	1	1	1	1	0	1	1	1	1	1	1	1	1	1	1	1	1	1	1	0	2	1	2	2	2	2	2	0	0	2	2	1	1	2	2	1	0	0	2	0	0	2	1	2	1	1	1	1	1	1	1	0	1	1	1	1	1	1	1	1	1	1	0	1	1	0	1	1	1	1	1	1	1	1	1	1	1	1	0	1	1	1	1	1	1	1	1	1	1	1	1	1	1	1	1	1	a2	1	0	1	1	1	0	1	2	2	1	2	1	0	1	2	1	1	1	2	1	1	1	2	1	1	2	1	2	1	0	2	0	1	0	1	2	1	1	1	1	1	1	1	1	1	1	1	1	1	0	1	1	1
1	1	1	1	1	1	1	1	1	1	1	1	1	0	1	1	1	1	0	0	1	0	1	1	1	1	1	1	2	0	1	2	1	2	1	2	0	1	0	2	2	2	2	1	2	2	2	2	2	1	0	1	1	1	1	1	1	0	1	1	1	1	1	1	0	1	1	0	1	0	1	1	1	1	1	1	1	1	1	1	1	1	1	1	0	1	1	1	0	1	1	1	1	0	1	1	0	1	1	0	1	1	1	1	0	0	a2	1	1	1	1	1	1	1	1	1	1	1	0	0	1	1	1	0	1	1	1	1	1	1	0	1	0	1	1	1	1	0	1	0	0	1	1	1	1	1	1	1	1	0	1	0	1	1	0	1	1	1	1	1
1	1	0	1	1	1	1	1	0	1	1	1	1	1	1	1	1	0	1	0	1	1	1	1	1	0	1	2	0	1	1	1	2	1	1	2	2	1	0	1	0	2	1	1	2	2	2	1	2	1	1	2	2	1	0	1	0	1	1	1	1	1	0	0	1	1	0	1	1	1	1	1	1	0	1	1	1	1	1	1	1	1	0	1	1	1	1	1	1	1	1	1	1	1	1	1	1	1	1	0	1	0	1	1	2	0	a2	0	1	1	0	2	2	0	0	2	1	2	2	1	1	1	2	1	1	1	2	s	1	1	1	1	1	1	1	1	1	1	1	0	1	1	1	1	1	1	1	0	1	1	1	1	1	1	1	1	1	1	1	1
1	1	1	1	1	1	1	1	1	1	1	0	1	1	0	1	1	0	0	1	1	0	1	1	1	1	1	1	1	2	2	2	0	2	1	2	1	2	1	1	2	0	2	2	1	2	2	2	1	2	2	0	1	1	0	1	2	1	1	1	1	1	1	1	1	1	1	1	1	1	1	0	1	1	1	1	1	1	0	1	1	1	1	0	0	1	1	0	1	0	1	1	0	1	1	1	1	1	1	1	0	0	1	0	1	1	a2	1	0	2	2	2	0	2	2	1	1	2	0	1	1	2	2	2	0	2	1	0	1	1	1	1	1	1	0	0	1	1	1	1	0	1	0	1	1	1	0	1	1	1	0	1	1	1	1	1	1	1	0	1
1	1	1	1	1	0	1	1	1	1	0	0	1	1	1	1	1	1	1	1	1	1	0	1	1	1	0	2	2	1	2	2	2	1	2	2	1	0	1	2	2	2	2	2	0	2	0	2	1	2	1	1	0	1	2	1	2	0	0	1	1	1	1	0	1	1	1	1	1	1	1	0	1	1	1	1	0	1	1	1	0	1	1	1	1	1	1	1	1	1	1	0	1	1	0	1	1	0	1	0	2	2	2	1	1	0	b2	2	2	1	1	1	1	2	2	1	0	0	1	1	1	2	0	2	1	2	0	1	1	1	1	1	1	1	1	0	1	0	1	1	1	1	1	1	1	1	1	1	1	1	0	1	1	1	1	1	1	1	1	1
1	1	1	1	1	1	1	0	1	1	1	1	1	1	1	1	1	1	1	1	1	1	1	1	0	1	1	2	2	0	1	1	2	2	2	0	0	1	1	1	2	0	2	2	1	2	1	2	2	2	0	0	2	2	1	1	1	1	1	1	1	1	1	1	0	0	1	1	1	1	1	1	0	1	1	1	1	1	1	1	1	1	1	1	1	0	1	1	0	0	1	1	0	1	1	1	1	1	1	0	1	1	1	2	1	2	b2	1	0	2	0	1	2	1	1	2	0	0	2	0	0	1	2	0	2	2	0	0	2	0	1	1	1	1	1	1	1	0	1	1	1	1	0	1	1	1	1	1	1	1	1	0	1	1	1	1	0	1	1	1
1	1	0	0	1	0	1	1	0	0	1	1	1	1	1	0	1	0	1	0	1	0	0	0	1	1	1	2	2	1	2	1	2	1	2	2	2	1	0	2	0	0	2	1	1	2	2	1	1	2	1	0	1	0	2	0	1	1	0	1	1	1	1	1	1	1	1	1	1	1	1	1	1	1	1	1	1	1	1	1	1	0	1	0	1	1	1	1	1	0	1	1	1	1	1	1	1	1	1	2	1	2	2	1	0	2	a2	2	2	1	0	2	2	1	1	2	2	1	2	0	0	2	0	0	1	2	1	1	1	1	1	1	1	0	1	1	1	1	1	0	1	1	0	1	1	1	1	0	1	0	1	1	1	1	1	1	0	0	0	1
0	1	1	0	1	1	1	1	1	1	1	1	1	1	0	1	1	1	1	1	1	1	1	1	1	1	1	2	2	2	2	1	2	1	1	2	1	1	2	0	2	2	0	1	0	2	2	1	2	1	2	2	2	2	1	2	1	1	0	1	1	1	1	1	1	1	1	1	1	0	1	1	0	1	1	1	1	1	1	1	1	1	1	1	1	1	0	1	1	1	1	0	1	1	1	1	1	1	0	1	1	1	1	0	1	1	b2	2	1	2	1	2	1	1	2	0	2	2	2	2	2	1	1	2	2	2	2	1	1	1	1	1	1	1	1	1	0	0	1	1	1	1	1	1	1	1	1	1	1	0	0	1	1	1	0	1	1	1	1	1
1	1	1	1	1	1	1	1	1	1	1	0	1	0	1	1	1	1	1	1	1	1	1	1	1	1	1	1	2	2	0	2	2	0	1	2	2	0	2	2	2	0	1	2	1	1	2	1	1	0	1	2	2	1	0	0	1	1	0	1	1	0	0	1	0	0	1	1	1	0	1	0	0	1	1	1	0	1	1	1	1	1	0	1	0	1	1	1	1	1	1	0	0	0	1	1	1	1	1	2	1	2	2	2	1	2	b2	2	2	1	2	2	0	0	1	1	1	1	1	0	2	2	2	0	1	0	1	2	1	1	1	1	1	1	1	1	0	1	0	1	1	1	1	1	1	0	1	1	1	0	1	1	1	1	1	1	1	1	1	1
1	1	1	1	1	1	1	1	1	0	1	1	1	1	1	1	1	1	0	1	1	1	1	1	1	1	1	1	2	0	1	1	2	1	2	1	2	0	0	1	1	1	0	0	0	1	2	1	1	2	1	1	2	1	1	1	1	1	1	1	0	1	1	1	1	1	0	1	1	1	1	0	1	0	1	1	1	1	1	1	1	1	1	1	1	1	0	1	1	1	1	1	1	0	1	1	0	1	1	0	2	2	1	0	0	2	a2	1	1	1	1	1	1	2	1	1	2	1	2	1	0	2	0	2	1	1	0	0	1	1	0	0	1	1	1	1	1	1	1	1	1	1	1	1	1	1	1	1	1	0	0	1	1	1	1	1	1	1	1	1
a3	a3	a3	a3	a3	a3	a3	a3	a3	a3	a3	a3	a3	a3	a3	a3	a3	a3	a3	a3	a3	a3	a3	a3	a3	a3	a3	a3	a3	b3	a3	a3	a3	a3	a3	a3	b3	b3	a3	a3	a3	a3	a3	a3	b3	a3	a3	a3	b3	b3	a3	a3	a3	b3	b3	b3	a3	a3	a3	a3	a3	1	1	1	1	0	1	1	1	1	1	1	0	0	1	1	1	1	1	0	0	1	1	1	1	1	1	1	1	1	0	0	1	1	0	1	1	1	1	0	0	0	2	2	0	0	b2	1	1	0	2	0	1	2	2	1	2	2	0	1	2	1	2	1	2	0	2	0	1	1	1	1	1	1	0	0	1	1	1	1	0	1	1	1	1	1	1	1	0	1	0	1	1	1	1	1	1	1	1	1
0	1	0	1	1	1	1	1	0	1	1	0	1	1	0	1	1	1	1	0	1	0	1	1	1	1	1	1	1	2	1	1	1	1	2	2	2	1	1	1	2	2	1	1	1	2	1	2	1	2	1	2	0	1	2	2	1	1	1	0	a3	0	1	1	1	1	1	1	1	0	0	0	1	1	1	1	1	0	1	0	1	1	1	1	1	1	0	1	1	1	0	1	0	1	1	1	1	1	1	2	1	1	1	2	1	2	b2	1	1	2	1	1	2	1	1	2	1	0	0	1	1	2	2	1	2	2	1	2	0	1	1	1	1	1	0	1	1	1	1	1	1	1	1	1	1	0	1	1	1	0	0	1	1	1	1	1	1	0	1	0
0	1	1	1	1	1	0	1	1	1	1	0	1	1	1	1	1	1	1	1	1	0	1	1	0	1	1	1	2	2	0	0	0	1	0	1	2	2	2	1	2	2	1	1	1	2	1	1	0	2	2	2	2	2	2	2	1	1	1	1	a3	1	1	1	1	1	1	1	1	1	1	1	1	1	1	1	1	1	1	0	1	1	0	1	1	1	0	1	0	1	1	1	1	0	1	0	1	1	1	2	1	1	2	0	0	0	b2	2	1	1	2	1	0	2	1	2	1	2	1	1	1	0	0	1	1	1	0	0	1	1	1	1	1	1	0	1	1	0	0	1	1	1	1	0	1	1	1	1	1	0	1	1	1	0	1	1	1	1	1	1
1	1	1	0	1	1	1	1	0	1	1	1	1	1	1	1	0	0	0	1	1	1	1	1	1	1	1	1	0	1	1	0	2	2	1	2	1	0	2	2	0	1	1	1	1	1	2	1	2	1	1	0	2	1	1	1	2	1	1	1	a3	1	1	0	1	1	1	1	0	1	1	1	1	0	1	0	1	1	1	1	1	1	1	1	1	0	1	1	1	1	0	1	1	1	1	1	1	1	0	1	0	1	2	1	1	1	a2	2	2	1	2	1	1	2	1	0	2	1	2	1	1	0	1	1	1	1	2	2	2	1	1	1	1	1	1	1	1	0	0	0	1	0	1	1	1	1	1	1	1	1	1	1	0	1	1	1	0	1	1	1
1	1	1	1	1	1	1	1	1	0	1	1	1	1	0	1	0	1	1	1	1	1	1	0	1	0	1	1	1	2	0	0	2	1	2	1	1	2	1	1	2	1	2	1	1	2	1	1	1	0	2	1	1	1	1	2	2	1	1	1	a3	1	1	1	1	1	0	1	1	1	1	1	1	1	0	1	1	1	1	1	1	0	1	1	1	1	1	0	1	1	1	1	1	1	1	0	0	1	1	0	0	2	2	2	2	2	b2	1	2	1	2	0	2	2	0	1	1	2	1	2	1	2	1	1	2	2	2	0	2	1	0	1	1	1	1	1	1	1	1	1	1	1	1	0	1	1	1	1	1	1	1	0	1	1	1	1	1	1	0	0
1	1	1	1	1	1	1	1	1	1	0	1	1	1	1	1	1	1	1	1	1	0	1	0	1	0	1	1	1	1	2	1	0	2	1	0	2	2	0	2	2	0	1	2	2	2	1	2	2	2	2	2	2	1	1	2	2	1	1	0	a3	1	1	1	1	0	1	1	0	1	1	1	1	0	1	1	1	1	1	0	1	1	0	1	0	1	1	0	1	1	1	1	1	0	1	1	1	1	1	1	1	1	2	2	2	2	a2	1	2	0	2	0	2	2	1	2	1	2	2	0	2	2	1	1	1	0	2	1	2	0	1	1	1	1	1	1	1	1	1	1	1	1	1	1	1	1	1	1	1	0	1	1	0	1	1	1	1	1	1	0
1	0	0	1	1	1	0	1	1	1	1	1	0	1	1	1	1	1	0	1	1	0	1	1	1	1	1	2	2	2	2	1	2	0	2	1	0	2	1	2	1	2	1	2	1	2	2	2	1	1	2	1	1	2	1	2	0	1	1	1	a3	1	1	1	1	1	1	1	1	1	1	1	1	1	1	0	0	1	1	1	1	1	1	0	0	1	0	1	1	1	1	1	1	1	1	1	1	1	1	2	1	2	2	0	1	2	b2	1	2	2	0	0	1	1	1	1	1	0	2	2	1	2	1	2	1	2	2	2	1	0	1	1	1	1	0	0	1	1	1	1	0	0	0	1	1	1	1	1	1	1	1	1	1	1	1	1	1	1	1	1
1	1	1	1	1	1	1	1	0	1	1	0	1	1	1	1	1	1	1	1	1	1	1	1	1	1	0	1	1	0	0	2	2	2	2	1	2	0	1	2	1	1	1	1	2	2	2	2	1	2	1	1	0	1	2	2	2	1	1	1	a3	1	0	0	1	1	1	1	1	0	1	1	1	0	1	0	0	1	1	1	1	0	1	1	1	1	1	1	1	0	0	1	0	0	0	1	1	1	0	0	0	0	1	2	0	2	b2	2	2	2	1	2	0	0	2	2	0	1	2	2	1	0	2	2	1	2	0	2	0	0	1	1	1	1	1	1	0	1	0	1	1	1	1	1	0	1	1	0	0	1	0	1	1	0	1	0	1	1	1	1
1	0	1	1	1	1	1	1	1	1	0	0	1	1	1	1	1	1	1	1	1	1	0	1	1	1	1	0	0	1	1	1	1	0	1	1	1	1	1	1	0	1	1	1	1	1	0	0	1	1	1	0	1	0	0	1	0	0	1	1	a3	1	1	0	1	1	1	1	1	0	1	1	1	1	1	1	1	1	1	1	1	1	0	1	1	0	1	1	1	1	1	1	1	1	1	1	1	1	0	1	2	0	2	2	1	0	a2	1	1	2	2	2	1	1	1	0	2	1	2	0	2	0	2	1	2	2	1	1	0	1	0	0	1	1	0	0	1	1	1	1	1	0	1	1	1	1	1	1	1	1	1	1	1	1	1	1	1	0	1	1
1	0	1	0	1	1	1	1	1	1	1	1	1	1	1	1	1	1	1	1	1	1	1	1	0	1	1	1	1	1	1	1	1	1	1	1	0	1	1	1	1	0	1	1	1	1	1	1	1	1	1	1	1	1	0	1	0	1	1	0	a3	1	1	0	0	1	1	1	1	1	1	1	1	1	1	1	1	1	1	1	1	1	1	1	0	1	0	1	0	1	0	1	1	1	1	1	1	1	1	2	1	0	2	1	1	2	b2	2	1	2	1	1	2	1	1	2	0	2	2	1	0	1	2	2	2	1	1	2	1	1	1	1	1	1	1	1	1	1	1	1	1	0	1	1	1	0	0	1	1	1	1	1	1	1	0	1	1	1	1	1
