121, 3
3, 75
Hard to Traverse Center Point #0: (101, 50)
Hard to Traverse Center Point #1: (26, 12)
Hard to Traverse Center Point #2: (30, 57)
Hard to Traverse Center Point #3: (122, 82)
Hard to Traverse Center Point #4: (6, 92)
Hard to Traverse Center Point #5: (31, 11)
Hard to Traverse Center Point #6: (38, 3)
Hard to Traverse Center Point #7: (31, 46)
1	0	1	1	1	1	1	1	1	1	1	1	2	2	2	2	2	2	2	2	2	2	2	2	2	2	2	2	2	2	2	2	1	2	2	2	2	2	2	2	2	2	2	2	0	0	2	2	1	1	1	0	2	1	0	1	1	1	1	0	0	1	1	1	1	1	0	1	1	0	1	0	1	1	1	1	1	1	1	1	0	1	1	1	1	1	1	1	1	1	0	1	0	1	1	1	1	1	1	1	1	1	1	1	1	1	1	0	1	0	1	1	1	1	1	0	1	1	1	1	1	1	1	1	1	1	1	1	1	1	1	0	1	1	0	1	1	0	0	a4	1	1	1	1	1	1	1	1	a1	1	1	1	1	1	1	1	1	1	0	1
1	1	1	1	1	1	1	1	0	1	1	2	0	2	2	2	2	2	2	2	0	0	2	2	2	0	2	2	2	0	0	2	2	2	2	1	2	2	2	0	2	2	0	2	2	1	1	2	0	1	1	2	1	1	0	1	1	0	1	1	1	1	1	1	0	1	1	1	0	1	1	1	1	0	1	1	1	1	0	1	1	1	1	0	1	0	1	1	1	1	1	1	0	1	1	1	1	1	1	1	1	1	1	1	1	1	1	1	1	1	0	1	1	1	0	1	0	1	1	1	1	0	1	1	1	1	1	1	1	1	1	1	1	0	1	1	1	1	0	a4	1	0	1	1	1	1	0	1	a1	0	0	0	1	0	0	1	1	0	1	1
1	1	1	1	1	1	1	0	1	1	0	2	1	1	2	1	1	2	0	2	2	2	0	2	2	1	0	2	2	2	2	0	0	2	2	2	2	2	2	2	2	2	2	0	2	1	0	1	1	1	1	1	1	0	0	0	1	1	0	1	0	1	1	0	1	0	1	0	0	1	1	1	1	1	1	1	1	1	1	1	1	1	0	1	1	1	1	1	1	1	0	1	1	1	1	1	1	1	1	1	1	1	1	0	1	1	1	0	0	1	1	1	1	1	1	1	1	1	1	1	1	1	0	0	0	1	1	1	1	1	1	1	1	1	1	1	0	1	1	a4	1	1	1	1	1	0	1	1	a1	1	1	1	1	0	1	1	1	1	1	1
1	1	1	1	0	1	1	0	0	1	1	1	0	1	1	1	2	2	1	0	2	2	0	2	2	2	2	2	2	2	0	2	2	2	2	2	2	0	2	0	1	2	2	2	2	2	2	1	2	1	1	0	1	1	1	1	0	1	1	1	1	1	1	1	1	0	0	1	1	1	1	1	1	1	1	0	1	1	1	1	0	1	1	1	1	1	0	1	1	1	1	1	1	0	1	1	1	1	1	1	1	1	1	1	1	1	1	1	1	1	1	1	1	0	1	1	1	1	1	0	1	s	0	0	1	1	1	1	1	1	1	1	0	1	1	1	1	0	1	a4	1	1	1	1	0	1	1	1	a1	1	1	1	1	1	1	0	1	1	1	1
0	1	1	1	1	1	1	1	1	1	0	2	0	0	2	0	2	2	2	2	2	2	2	1	2	2	2	2	2	2	2	0	2	2	0	2	2	2	2	2	0	1	0	2	2	1	0	1	1	1	0	0	0	0	1	1	1	1	0	1	1	1	1	1	1	0	1	1	1	0	1	0	1	1	1	1	1	1	1	1	0	1	1	1	1	1	1	1	0	1	1	0	1	0	0	0	0	0	1	0	0	1	1	1	1	1	0	0	1	1	0	1	1	1	1	0	1	1	1	1	0	1	0	1	1	1	1	1	1	0	1	1	1	1	1	0	1	0	1	a4	1	1	1	1	1	1	1	1	a1	1	1	1	0	1	1	0	1	1	1	1
1	0	1	0	1	0	0	0	1	1	1	1	1	2	2	2	2	0	2	0	2	2	2	0	2	2	1	2	0	2	2	2	2	2	0	2	2	2	2	2	2	2	2	2	2	1	1	1	1	2	0	0	1	1	1	1	1	1	0	1	1	1	1	1	1	1	1	1	1	1	1	1	0	0	1	1	1	1	1	1	1	1	1	1	1	1	0	0	1	1	1	1	0	1	1	1	1	1	1	1	1	1	1	1	1	1	1	1	1	1	0	1	0	1	1	1	1	0	1	1	1	1	1	1	1	0	1	1	1	1	1	1	1	1	1	1	1	1	1	a4	1	0	1	1	1	1	1	1	a1	1	1	1	1	1	0	1	1	1	0	1
1	1	1	1	1	1	1	1	1	0	1	1	2	1	2	2	0	0	2	2	1	2	2	2	1	1	2	0	2	2	2	2	2	0	2	2	0	2	0	0	2	2	2	2	1	0	1	1	1	0	2	1	1	0	1	1	1	1	1	1	1	0	1	1	1	1	1	1	0	0	1	1	1	0	1	1	1	1	1	1	0	1	1	1	1	1	1	0	1	1	1	1	1	0	1	1	0	0	1	1	1	1	0	1	1	1	1	1	1	0	1	1	1	1	0	1	0	0	0	1	1	1	1	1	1	0	1	0	0	1	0	1	1	1	1	1	1	1	1	a4	1	1	1	0	1	1	0	1	a1	1	1	1	1	1	0	1	1	1	1	0
1	1	1	1	1	1	1	1	1	1	1	1	1	2	2	0	1	2	2	2	2	2	2	2	2	0	2	2	1	2	2	2	2	2	0	2	2	2	2	2	2	0	0	2	2	2	2	2	1	1	1	2	2	1	1	0	1	1	1	1	1	0	1	1	1	1	0	1	1	1	0	0	1	1	1	1	1	1	1	1	1	1	1	0	0	1	1	1	1	1	1	1	0	1	1	1	1	1	0	1	1	1	1	1	0	1	1	1	0	1	1	1	1	1	1	1	0	1	1	1	1	1	1	1	1	1	1	1	1	1	1	0	1	1	1	1	0	1	1	a4	1	0	1	1	1	1	1	1	a1	1	1	1	1	1	1	1	0	1	1	1
1	1	1	0	1	1	1	0	1	1	1	1	1	0	2	1	2	1	2	0	1	2	2	2	2	0	2	2	2	2	0	2	2	2	2	0	0	2	2	0	2	0	1	2	2	2	2	1	2	1	1	1	2	0	1	1	1	1	1	1	0	1	0	1	1	1	1	1	1	1	1	1	1	0	1	0	1	1	1	1	1	1	1	1	1	1	0	1	1	1	1	1	1	1	1	0	1	1	1	0	0	1	1	0	1	1	0	1	1	1	1	1	1	1	1	1	1	1	1	1	1	0	1	0	1	1	1	0	1	1	0	1	1	1	0	1	1	1	1	a4	0	1	1	1	1	1	1	1	a1	1	1	1	0	0	1	1	1	1	1	1
0	1	1	1	1	0	1	0	0	1	0	1	1	1	1	1	2	1	2	2	2	1	0	2	2	2	2	0	2	2	2	2	2	2	2	2	2	0	2	1	0	2	2	0	2	1	1	2	0	2	2	0	2	1	1	1	1	1	1	1	1	1	1	1	1	1	1	1	1	1	0	1	1	1	1	1	1	1	1	1	1	1	1	1	0	1	1	0	1	1	1	1	1	0	1	1	1	1	1	0	1	1	1	1	1	1	1	1	1	1	1	1	1	0	1	1	1	0	1	1	1	1	1	1	0	1	1	1	1	0	1	1	1	1	1	1	1	0	1	a4	1	1	1	1	1	1	0	0	a1	0	1	1	1	0	1	1	1	1	1	1
1	1	1	1	1	1	0	1	1	0	0	2	2	0	2	2	2	1	1	2	2	0	1	1	0	0	1	2	2	2	2	0	1	2	2	2	2	2	2	0	0	0	2	2	2	2	1	2	0	1	2	1	2	0	0	1	1	1	1	1	0	0	1	0	1	0	1	1	0	1	1	1	1	0	0	1	1	0	1	1	0	1	1	0	1	1	1	1	1	1	1	1	1	1	1	1	1	0	1	1	1	1	1	1	0	1	1	1	1	1	0	1	1	1	1	0	1	1	1	1	0	0	0	1	1	1	0	1	0	1	1	0	1	1	1	1	1	1	1	a4	1	1	1	1	1	1	1	1	a1	0	0	1	0	1	1	1	1	1	1	1
1	1	1	1	1	1	1	1	1	1	1	1	0	1	0	1	2	2	2	2	2	0	1	2	0	2	2	2	1	0	2	2	2	2	2	0	2	0	1	2	2	2	1	0	2	1	0	2	1	1	0	2	0	1	1	1	1	1	1	1	0	1	1	1	1	0	1	1	1	1	1	0	1	1	1	1	1	0	1	1	1	1	1	1	1	1	1	1	1	1	1	1	1	1	1	0	1	1	0	0	1	1	1	1	1	1	1	1	0	1	0	0	1	1	1	1	0	1	1	1	1	1	1	1	1	1	1	0	1	1	1	0	0	1	1	1	1	1	1	a4	1	1	1	0	1	1	1	0	a1	1	1	0	1	1	0	1	1	1	1	1
1	1	0	1	1	1	1	1	1	0	1	1	1	1	2	1	2	2	0	1	2	2	2	0	2	2	2	2	2	0	2	2	0	1	0	2	2	2	2	1	2	2	2	2	2	0	2	0	2	2	1	0	1	1	1	1	1	1	1	1	1	1	0	1	1	1	1	1	0	1	0	1	0	1	1	1	1	1	1	1	1	1	1	0	1	0	1	0	1	1	1	1	1	1	1	1	1	1	1	1	1	0	0	1	1	0	1	1	0	0	1	1	1	1	1	1	1	1	1	0	0	1	1	1	1	0	0	1	1	1	1	1	1	1	0	0	1	1	1	a4	1	1	0	1	1	1	1	1	a1	0	1	1	1	0	0	1	1	1	1	1
1	1	1	1	1	1	1	0	1	1	1	1	2	1	1	1	1	2	2	2	2	1	2	2	1	2	0	2	2	2	2	2	2	2	2	2	1	1	2	2	2	0	2	2	2	2	2	1	2	2	1	0	2	1	0	1	0	0	1	1	0	1	1	1	1	1	1	1	1	1	1	1	1	1	1	1	1	1	1	1	1	0	1	1	1	1	1	1	1	1	0	1	1	1	1	1	1	1	1	1	1	1	1	1	1	1	1	1	1	0	1	0	1	1	0	1	1	1	1	0	1	0	1	1	1	0	1	1	1	1	0	1	1	1	1	0	1	1	1	a4	1	0	1	1	1	1	0	1	a1	1	1	1	1	1	1	1	1	1	1	1
1	1	1	1	1	1	1	1	0	0	1	2	0	1	0	1	2	0	2	2	2	1	2	2	0	2	0	2	2	2	2	2	2	2	0	2	2	0	2	0	2	0	2	2	2	1	1	1	2	0	2	0	2	1	1	1	1	0	1	0	1	1	1	1	0	1	0	1	0	1	1	0	1	1	1	0	0	1	0	1	1	1	1	1	1	1	1	0	1	1	1	1	1	1	1	0	1	1	1	1	1	0	1	0	1	1	1	1	1	0	1	1	1	1	1	1	0	1	1	1	1	1	1	1	1	1	1	1	1	1	0	1	1	1	1	1	1	1	1	a4	1	1	1	1	1	0	1	1	a1	1	0	0	1	1	1	1	0	1	1	1
1	1	1	1	1	1	1	1	1	1	0	2	2	2	2	2	2	2	2	2	2	2	0	2	2	2	2	2	1	2	2	2	2	2	2	2	2	2	1	2	0	2	0	0	2	2	2	2	1	1	2	2	2	1	1	1	1	1	1	1	1	1	0	1	1	1	1	1	1	1	0	1	1	1	1	1	1	1	1	0	0	1	1	0	1	1	1	1	1	0	0	1	1	1	1	1	1	1	1	0	0	1	1	1	1	0	1	1	1	1	1	1	0	1	1	1	1	1	1	0	0	1	1	1	1	1	0	1	1	1	1	0	1	1	1	1	1	1	0	a4	0	0	1	1	1	0	1	1	a1	1	0	1	0	1	1	1	0	1	1	1
1	1	1	1	1	1	0	1	1	1	1	0	1	1	2	2	2	2	2	2	2	1	0	0	1	0	2	2	2	1	2	2	1	2	2	2	2	0	2	2	2	2	2	1	2	0	1	2	2	0	2	2	2	0	1	1	1	1	1	1	1	1	1	1	1	1	1	0	1	1	1	1	1	1	1	1	1	1	1	1	1	1	1	1	1	1	1	1	0	1	1	1	1	1	0	1	0	1	1	1	0	1	1	1	1	1	1	1	1	1	0	1	1	1	1	1	1	0	1	1	1	0	1	1	1	1	0	1	1	1	1	1	1	1	1	0	1	1	1	a4	1	1	1	1	1	1	0	1	a1	1	1	1	1	1	1	1	1	0	1	1
0	1	1	1	1	1	1	0	1	1	1	2	1	0	2	2	1	1	2	2	2	1	2	1	0	2	2	2	2	2	1	2	2	2	2	2	2	2	2	2	0	0	2	2	1	2	2	1	0	2	1	2	1	1	0	0	1	0	1	1	1	1	1	1	1	1	1	1	0	1	1	1	1	1	1	1	0	1	0	1	1	1	1	1	1	1	1	1	1	1	0	1	1	0	1	1	1	1	1	1	1	1	1	0	1	1	1	1	1	0	1	0	1	1	1	1	0	0	1	1	1	1	1	0	1	1	0	1	1	1	1	1	1	1	1	1	1	0	1	a4	1	1	1	0	0	1	1	0	a1	1	1	0	1	1	1	1	1	1	1	1
1	1	1	0	1	1	1	1	1	1	1	0	1	1	2	2	2	2	0	0	2	2	1	2	2	0	0	2	2	2	2	1	2	2	1	2	2	1	1	2	2	1	0	2	2	2	1	0	1	1	1	1	1	1	1	1	1	1	1	1	0	0	1	0	1	1	1	1	0	1	1	1	1	1	1	1	1	1	1	1	0	1	1	1	1	1	1	1	1	0	1	1	1	0	1	0	1	0	1	0	1	1	1	1	0	1	1	1	1	1	1	1	1	1	1	1	0	0	0	1	1	1	1	1	0	1	1	1	1	1	1	1	1	1	1	0	1	0	1	a4	1	0	1	1	1	1	1	0	a1	0	1	1	1	1	1	1	1	1	1	1
1	1	0	1	1	1	1	1	0	1	1	1	2	0	1	2	1	2	2	0	2	1	2	1	2	0	2	1	2	1	2	1	1	2	2	2	2	2	2	2	0	1	0	2	2	1	1	1	1	1	1	1	0	1	1	1	1	1	1	1	1	1	1	1	1	1	1	1	1	1	1	1	1	1	1	1	1	0	0	1	1	1	1	1	0	1	1	1	0	1	1	1	1	1	1	1	1	0	1	1	0	0	1	1	1	1	1	0	1	0	0	1	1	1	0	1	1	1	1	1	0	1	1	1	0	0	1	1	1	1	1	1	1	1	1	1	1	1	1	a4	1	0	0	1	1	1	1	0	a1	1	0	1	1	1	0	1	1	1	1	1
1	1	1	0	1	0	1	1	1	1	1	1	2	0	1	1	2	1	2	2	0	2	2	0	2	1	2	2	2	2	0	2	2	1	2	2	2	2	2	0	1	1	2	2	2	1	1	0	1	1	0	1	1	0	1	1	1	1	1	1	1	1	1	1	1	0	1	1	1	1	1	0	1	0	1	1	0	0	1	1	1	1	1	1	1	1	1	0	1	1	1	1	1	0	0	1	1	1	1	1	0	1	1	0	0	1	1	1	0	1	0	1	0	0	1	1	0	1	1	1	1	1	0	0	1	1	1	1	1	0	1	1	1	1	1	1	1	1	1	a4	1	1	1	1	1	1	1	1	a1	1	0	1	1	1	1	1	0	0	0	1
1	1	1	1	0	0	0	1	0	1	1	2	1	1	1	2	0	1	2	2	2	1	2	2	2	2	2	2	1	2	1	2	0	2	2	0	0	1	2	2	1	1	2	1	0	0	0	1	0	1	0	1	1	0	1	1	1	1	1	1	0	1	1	1	0	0	1	1	1	1	0	0	1	1	1	1	1	1	0	1	0	0	1	1	0	0	1	1	0	1	1	1	1	1	1	1	0	1	0	0	1	1	1	1	1	1	1	1	1	1	1	1	1	1	1	1	1	0	0	1	0	1	1	1	1	1	1	1	1	1	1	1	1	1	1	1	0	0	1	a4	1	1	1	0	1	1	0	1	a1	1	1	1	0	1	1	1	1	1	1	1
1	0	1	0	0	1	1	1	1	1	1	0	2	2	0	1	2	2	2	2	0	0	2	2	2	1	1	0	2	1	0	2	2	2	2	2	2	2	0	2	0	2	2	2	2	2	1	1	1	1	0	1	1	1	0	1	1	0	0	1	1	1	0	1	1	1	1	1	1	0	1	1	1	1	1	0	1	1	1	0	1	1	1	1	1	1	1	1	1	0	1	1	1	1	1	1	1	1	1	1	1	0	1	1	0	1	0	1	1	1	1	0	1	1	1	1	1	1	1	1	1	1	1	0	0	0	1	1	1	1	1	1	1	1	1	1	1	1	1	a4	1	0	1	1	0	1	1	1	a1	1	1	1	1	1	1	1	1	1	1	1
1	1	0	1	1	1	1	1	1	1	1	1	2	0	0	0	2	1	2	1	1	2	2	1	2	0	2	2	2	2	0	2	2	1	2	2	2	2	2	1	2	2	2	1	2	2	1	1	1	0	1	0	1	0	1	1	1	1	1	0	1	1	1	1	1	1	0	1	1	1	1	1	1	0	1	1	1	1	1	1	1	1	0	1	1	1	1	1	1	1	1	1	1	0	1	1	1	1	1	1	1	1	1	1	1	1	0	1	0	1	1	0	1	1	1	1	1	1	1	1	1	1	1	0	0	1	1	0	1	1	1	1	1	0	1	1	1	1	1	a4	1	1	0	1	1	1	1	0	a1	0	1	1	1	1	1	1	1	0	1	0
0	1	1	1	1	1	0	1	0	1	1	2	0	0	2	2	1	2	2	2	1	2	1	2	2	2	2	2	0	2	0	2	1	2	1	1	2	2	2	2	1	2	1	1	0	2	1	1	1	1	1	1	1	1	1	1	1	1	1	1	1	1	1	1	1	1	0	1	1	1	0	1	1	1	1	0	1	1	1	1	1	0	0	1	1	1	1	1	1	1	1	1	1	1	1	1	0	1	1	0	0	0	1	1	1	1	1	1	1	1	0	1	1	1	1	1	1	0	1	1	0	1	1	1	1	1	1	1	1	1	1	0	1	1	1	1	1	1	1	a4	1	0	0	1	1	1	1	1	a1	1	1	1	1	1	1	1	1	1	0	1
1	1	1	1	1	0	1	1	1	1	1	2	1	2	1	2	0	2	2	2	2	2	2	1	0	2	2	0	2	2	0	2	2	2	2	2	1	1	2	2	2	1	0	2	1	2	0	1	1	1	1	0	1	1	1	1	1	1	1	1	0	1	1	0	0	1	1	1	1	0	1	0	1	1	0	1	1	1	0	1	0	0	1	1	0	0	1	1	0	1	1	1	1	1	1	0	1	1	0	1	0	1	1	0	1	1	1	1	1	0	0	1	1	1	1	1	1	1	1	0	1	1	1	1	1	1	1	1	1	1	1	1	1	1	1	1	1	1	1	a4	1	1	1	1	1	0	0	0	a1	1	1	1	1	1	1	0	1	1	1	1
1	0	1	1	1	1	1	0	0	1	1	2	2	2	0	2	0	2	0	0	2	2	2	1	1	2	0	2	2	0	2	2	0	1	0	2	2	1	1	1	2	1	1	1	1	1	1	1	1	1	1	1	1	1	1	0	1	1	1	1	1	1	1	1	1	1	1	1	1	1	1	0	1	1	1	0	1	0	1	1	1	1	1	1	1	0	0	1	1	1	0	1	0	1	0	1	1	1	1	1	1	1	1	1	1	1	0	0	1	1	1	1	1	1	1	1	0	0	1	0	1	1	0	1	1	1	1	1	0	0	1	1	1	1	1	0	1	1	0	a4	1	0	1	1	1	1	1	0	a1	1	1	1	1	1	1	1	1	0	1	1
1	1	1	1	0	0	1	1	1	1	1	1	1	1	1	1	0	1	1	1	1	1	1	1	1	1	0	1	1	1	1	0	1	1	0	1	1	0	1	0	1	0	1	1	1	1	1	1	1	0	1	1	0	1	1	0	1	1	1	1	1	1	1	1	1	1	1	1	1	1	1	1	1	0	1	1	1	1	0	1	1	1	1	1	0	0	0	1	1	1	1	1	1	0	1	1	1	1	1	1	0	1	1	1	1	1	1	1	1	1	1	1	0	1	1	0	1	1	1	1	1	0	1	1	0	1	1	1	1	1	1	1	1	0	1	1	1	1	0	a4	1	0	1	1	1	1	1	0	a1	1	1	1	1	1	1	0	1	1	1	1
0	1	1	1	1	0	1	1	1	1	1	0	1	1	1	1	1	1	1	1	1	1	1	1	1	1	1	1	1	1	1	1	1	1	0	1	0	0	1	1	1	1	0	1	1	1	1	1	1	0	1	1	1	1	1	1	0	1	0	1	0	1	1	1	1	1	1	1	1	1	1	1	1	1	1	0	1	1	1	0	1	1	1	1	1	1	0	0	1	1	1	1	1	0	1	0	1	1	0	1	1	1	0	1	1	1	1	1	1	1	0	1	1	1	1	0	1	1	1	1	1	1	1	1	1	1	1	1	1	1	1	1	0	1	1	1	1	1	1	a4	1	1	0	1	1	1	1	1	a1	0	1	1	1	1	1	1	1	1	1	1
1	0	0	1	1	1	1	1	1	1	1	0	1	1	1	1	0	1	1	1	1	1	1	1	1	1	1	0	1	1	1	1	1	1	1	0	1	1	0	1	0	1	0	1	1	1	1	1	1	0	1	1	0	1	1	0	1	1	1	1	1	0	1	1	1	0	0	1	0	1	1	1	1	1	1	1	1	1	1	1	1	1	1	1	0	0	0	1	1	1	1	1	1	1	1	1	0	1	1	1	1	1	1	1	0	1	1	1	0	1	1	1	1	1	1	1	1	1	1	1	1	0	1	1	0	0	1	1	0	1	0	1	0	1	0	1	1	1	1	a4	1	1	1	1	1	1	1	1	a1	1	1	1	1	1	1	1	1	0	1	1
1	1	1	1	1	1	1	1	1	1	1	1	1	1	1	1	1	1	0	1	0	1	0	1	1	1	1	1	1	1	1	1	1	1	1	1	1	1	1	1	1	1	1	0	1	0	1	1	0	1	0	1	1	1	1	0	1	1	0	1	1	1	1	0	1	1	1	1	1	1	1	1	1	1	1	1	1	1	1	0	1	1	1	1	0	1	1	1	1	1	0	1	1	0	0	1	1	1	0	1	1	1	1	1	1	0	1	1	1	0	0	1	0	1	1	1	1	1	1	1	1	1	1	1	1	1	0	1	1	1	1	1	1	1	1	1	1	1	1	a4	0	1	1	0	1	1	0	1	a1	1	1	1	0	0	0	1	1	1	1	1
1	1	1	1	0	1	1	1	1	1	0	0	1	0	1	1	0	1	0	2	2	1	0	1	1	1	1	2	2	1	1	2	2	1	2	0	1	2	0	2	0	1	2	1	2	2	1	1	0	1	1	1	0	0	1	1	1	1	1	1	0	1	0	1	1	1	1	1	1	1	1	1	1	1	1	1	1	1	1	1	1	1	1	1	1	1	1	1	1	1	1	1	1	1	1	1	1	1	1	1	1	1	1	1	1	1	1	1	1	1	1	0	1	1	1	1	1	1	1	0	1	0	0	1	1	1	1	1	1	1	1	0	1	1	1	1	1	1	0	a4	1	0	1	1	1	1	1	1	a1	0	1	1	1	1	1	0	1	1	1	0
0	1	1	0	1	1	1	1	1	1	1	1	0	1	1	0	0	1	0	1	2	1	2	2	2	0	0	2	1	2	2	1	1	1	2	0	1	1	1	0	2	2	2	2	1	1	1	0	1	1	1	1	1	1	1	1	0	1	1	1	1	1	0	0	1	1	1	1	1	0	1	1	1	1	1	1	1	1	0	1	0	0	1	1	1	1	1	0	1	1	1	1	0	1	1	1	0	1	1	1	1	0	1	1	1	1	1	1	0	1	1	1	1	1	1	0	0	1	1	1	1	1	1	1	1	1	1	1	1	1	1	1	1	1	0	1	1	0	1	a4	1	0	1	1	1	1	1	1	a1	1	1	1	0	1	0	0	1	0	0	1
1	1	1	1	1	1	1	0	1	1	1	1	1	0	1	0	2	1	2	2	1	1	2	2	1	2	1	2	2	2	1	2	2	1	0	1	1	0	0	1	1	1	1	1	0	2	1	1	0	1	0	1	1	1	1	1	1	1	1	1	1	1	0	1	1	1	1	1	1	1	1	1	1	0	1	1	1	1	1	1	1	1	1	1	1	1	0	1	1	1	1	0	0	0	1	1	1	1	1	1	1	1	1	0	1	1	1	1	0	1	1	1	1	0	1	1	1	1	0	1	1	1	1	1	1	1	0	0	0	1	1	1	1	1	1	1	1	1	1	a4	0	1	0	1	1	1	1	1	a1	1	1	1	1	1	1	1	1	1	1	1
1	1	1	1	1	1	1	1	0	0	1	1	1	1	1	1	2	2	2	1	1	1	2	2	2	2	2	0	2	1	1	1	2	1	0	1	1	0	1	2	2	1	1	2	1	1	1	1	1	1	1	1	1	1	1	1	1	0	0	1	0	1	1	1	1	0	1	1	1	1	1	1	1	1	0	1	1	1	0	1	1	1	1	1	1	1	1	1	1	1	1	1	1	0	1	1	1	0	1	1	0	0	1	1	1	0	0	0	1	1	1	1	1	1	1	1	1	1	1	1	1	1	0	0	1	1	1	1	1	1	1	1	0	0	1	1	1	1	1	a4	1	0	1	0	0	1	1	1	a1	1	0	0	1	1	1	0	1	1	1	1
1	1	0	1	0	1	1	0	0	1	0	0	1	1	1	1	2	1	2	1	1	1	0	1	2	1	1	1	2	2	1	2	1	1	2	1	1	1	1	1	2	2	2	2	1	2	1	1	1	1	0	1	1	1	1	1	1	1	1	1	0	1	0	1	1	0	0	1	1	1	0	1	1	1	1	1	1	0	1	1	1	1	1	1	1	1	1	2	0	1	0	1	2	1	1	0	0	2	2	0	1	1	1	1	2	0	1	2	0	1	1	1	2	1	2	1	1	1	1	1	1	1	1	1	0	1	0	0	1	1	0	1	0	1	1	0	1	1	1	a4	1	1	0	1	1	1	1	1	a1	0	0	1	0	1	1	0	1	1	1	1
1	0	1	1	1	1	1	1	1	0	1	1	1	1	0	1	1	0	2	2	1	2	0	2	1	2	2	1	0	1	2	2	1	1	0	2	2	1	0	1	0	2	2	2	1	1	1	1	1	1	1	1	1	1	1	0	0	1	1	1	1	1	0	1	1	0	0	1	0	1	1	1	1	1	1	0	1	1	1	0	1	1	1	1	1	1	2	1	1	1	1	1	1	2	2	2	2	1	2	1	1	1	1	0	0	1	2	2	2	0	1	2	0	0	1	0	1	1	1	0	1	1	1	1	1	1	0	1	1	1	0	1	1	1	1	1	1	0	1	a4	1	0	1	0	1	1	1	1	a1	1	1	1	1	1	1	1	1	1	1	1
1	1	1	1	0	1	1	0	1	1	0	0	1	1	1	1	2	1	2	1	1	2	1	2	1	2	2	1	1	1	2	1	1	0	2	1	2	1	2	2	1	2	1	2	0	1	1	1	1	1	1	1	1	1	1	1	1	1	1	1	1	1	1	1	1	1	0	0	0	1	1	0	1	1	1	0	1	1	1	1	1	1	1	1	1	1	2	0	1	0	1	2	2	1	1	2	1	2	0	1	2	0	1	1	2	0	2	0	1	2	2	2	2	1	2	0	0	1	0	1	1	0	1	1	1	1	1	1	0	1	1	1	1	1	1	1	1	1	1	a4	1	1	1	1	1	1	1	1	a1	0	1	1	1	1	1	1	0	0	1	1
0	1	0	1	0	1	1	1	1	1	1	1	1	1	1	1	1	2	1	0	2	1	2	1	1	0	1	1	2	2	2	1	1	1	1	2	2	1	2	1	1	2	2	2	2	2	1	1	0	1	0	0	1	0	1	0	1	1	1	1	1	1	1	0	1	1	0	1	1	0	1	0	1	1	1	1	1	1	1	1	1	1	1	0	1	0	2	1	1	2	1	0	0	0	2	0	2	1	0	2	2	2	0	1	1	1	1	1	2	2	1	2	2	1	2	2	1	1	0	1	1	1	1	1	1	1	1	1	1	1	0	1	1	1	1	1	1	0	1	a4	1	1	1	0	1	0	1	1	a1	1	1	1	1	0	1	1	0	1	0	1
1	1	1	1	1	1	1	1	1	1	1	0	1	1	1	1	1	2	2	0	0	1	1	1	2	1	0	0	1	2	1	1	2	0	1	0	1	0	2	2	0	1	1	1	2	2	1	1	0	1	1	1	1	1	1	1	1	1	1	1	0	1	1	1	1	1	1	0	1	1	1	1	0	1	1	1	1	1	1	1	1	0	1	1	1	1	2	2	2	0	0	2	1	1	1	2	1	0	2	2	1	0	1	1	2	2	2	1	1	1	2	0	1	0	1	0	1	1	1	1	1	1	0	1	1	0	1	1	1	1	1	1	1	1	1	0	1	1	0	a4	0	0	1	1	1	1	1	0	a1	1	1	1	1	1	1	1	1	1	0	1
1	1	1	1	1	1	1	1	1	1	1	1	1	1	1	1	2	1	1	1	1	1	2	2	1	2	1	1	0	1	2	2	1	1	1	0	0	0	0	1	1	0	1	2	2	1	0	1	1	1	1	1	1	1	1	1	1	0	1	1	0	1	0	1	1	0	1	0	1	1	1	1	1	1	0	1	0	0	1	1	1	1	1	0	0	1	2	1	1	1	2	2	0	2	1	2	2	2	2	0	2	1	1	2	2	1	1	2	2	1	0	2	1	0	1	1	1	1	1	1	1	1	1	1	1	1	0	1	1	1	1	1	1	1	1	0	1	1	1	a4	1	1	1	1	0	1	1	1	a1	1	0	1	0	0	1	1	1	0	0	1
1	1	1	1	1	1	1	1	1	1	1	1	1	1	0	0	1	2	1	1	2	1	1	1	1	1	1	2	2	2	1	1	2	2	2	0	0	1	1	2	0	1	2	1	0	2	1	0	1	1	1	1	1	1	1	1	1	1	1	0	1	1	1	0	0	1	0	0	1	1	1	1	0	0	1	1	0	1	0	1	1	0	1	1	1	1	1	1	1	2	0	0	1	2	1	2	0	2	2	2	2	1	1	2	0	0	1	2	1	1	2	2	1	2	0	0	0	1	1	1	1	1	1	1	1	1	1	0	1	1	1	1	1	1	1	1	1	0	1	a4	1	1	1	1	0	1	1	1	a1	1	1	1	1	1	1	0	1	1	1	1
1	1	1	1	1	1	1	1	0	0	1	1	0	1	1	1	0	2	2	2	0	0	1	0	1	1	2	2	2	2	2	2	2	2	2	1	1	1	2	2	2	2	2	2	0	1	1	1	1	0	1	1	1	1	0	1	1	1	1	1	1	1	1	1	1	0	1	0	0	1	0	1	1	1	0	1	1	1	1	1	0	1	1	1	0	1	0	1	2	2	1	2	2	1	2	2	1	1	0	2	1	2	1	2	1	1	2	1	1	1	2	1	1	2	1	1	1	1	1	1	0	0	1	1	1	1	1	1	1	1	1	0	1	1	0	0	1	1	1	a4	1	1	1	1	1	1	0	1	a1	1	1	1	1	1	0	1	0	1	1	0
1	1	1	1	1	1	1	1	1	1	0	1	0	1	1	1	1	2	2	0	0	2	0	0	1	2	1	1	2	0	2	2	2	2	2	2	2	1	2	0	0	0	1	2	2	2	1	0	1	1	1	1	1	1	1	1	1	1	1	1	1	0	0	0	0	1	0	1	0	1	1	0	1	1	1	1	0	1	1	1	1	1	1	1	1	0	2	2	1	2	2	1	1	2	0	0	1	2	1	1	2	1	1	0	0	1	2	0	1	2	1	1	1	1	2	1	0	0	1	1	0	1	1	1	0	1	1	1	1	1	1	1	1	1	1	1	1	0	0	a4	1	1	1	0	1	1	1	1	a1	1	1	0	1	0	0	1	1	0	0	0
1	1	1	1	0	1	1	1	1	0	0	1	1	1	0	1	0	0	2	2	1	2	2	2	2	2	2	2	2	0	1	2	0	2	2	2	0	1	1	2	1	2	2	2	2	1	0	1	1	1	1	1	1	1	1	1	1	1	0	1	0	1	1	1	0	0	1	1	0	1	1	1	0	1	0	1	1	1	1	1	1	1	1	0	1	0	2	0	2	0	1	0	2	2	1	1	2	1	2	2	1	0	2	2	2	2	2	1	1	0	2	1	1	2	1	0	1	0	1	1	1	0	1	1	1	1	0	1	1	1	1	1	1	1	1	1	0	0	1	a4	1	1	1	1	1	1	1	1	a1	1	1	1	1	1	1	1	1	1	0	1
0	0	1	1	1	1	1	0	1	0	0	1	1	1	1	1	2	1	2	2	0	2	2	2	2	1	1	2	0	2	1	2	2	2	2	2	2	1	2	2	2	2	0	2	2	0	1	0	1	1	0	1	1	1	1	1	1	1	1	0	0	1	1	1	1	0	0	1	1	1	0	1	1	1	1	1	1	1	1	1	1	1	1	1	1	1	1	1	1	2	2	2	1	1	2	2	1	2	0	2	0	0	1	2	2	2	2	1	1	1	2	1	1	2	1	1	1	1	1	1	1	1	1	1	0	0	1	1	1	1	1	0	1	1	1	1	1	1	1	a4	1	1	1	0	1	1	1	1	a1	1	1	1	1	1	0	1	1	1	1	1
1	1	1	1	1	1	1	1	1	1	1	1	0	0	1	2	0	1	2	2	2	2	1	1	2	2	2	1	1	0	1	2	2	2	2	0	2	2	2	1	2	1	2	2	0	0	1	1	0	1	1	1	1	1	1	0	1	1	0	1	1	1	0	1	0	1	1	1	1	1	1	1	1	1	0	1	1	1	1	1	1	1	1	1	1	1	1	1	0	1	1	2	0	2	0	2	1	1	1	1	1	2	1	2	1	1	1	1	2	1	0	0	0	2	2	1	1	1	1	1	1	1	0	1	0	1	1	1	1	1	1	1	1	1	1	1	1	1	1	a4	1	1	1	1	1	1	1	0	a1	0	1	1	0	1	1	0	0	1	1	1
1	0	0	1	1	1	1	1	1	1	1	1	1	1	1	1	0	2	0	0	2	2	2	0	2	0	0	2	0	1	2	2	2	1	0	0	1	2	1	0	2	1	2	2	2	0	1	1	1	1	0	1	1	1	1	1	1	1	1	1	1	1	0	1	1	0	1	0	1	1	1	1	0	0	1	1	0	1	1	1	1	1	1	1	1	0	0	1	1	1	2	1	2	0	2	2	1	2	0	1	2	2	1	1	1	1	2	2	1	2	1	1	1	1	1	0	1	1	0	1	1	1	1	1	1	1	1	1	1	0	1	1	1	1	1	1	1	0	1	a4	1	1	1	1	0	1	1	1	a1	1	0	1	1	1	1	0	1	1	1	1
0	1	1	1	1	1	0	1	1	1	1	1	1	0	1	2	2	0	2	0	0	2	2	2	2	2	2	2	2	2	2	2	2	2	0	2	2	2	2	2	1	2	1	1	0	2	1	0	0	1	1	0	0	1	1	1	1	1	1	1	1	0	1	1	1	1	1	0	1	1	1	1	1	1	1	1	1	1	1	1	1	1	1	0	1	1	2	2	1	2	2	2	2	0	1	2	1	2	2	1	2	1	2	1	1	2	0	1	0	1	0	1	1	0	2	2	1	1	1	1	1	1	1	1	1	0	1	1	0	1	1	1	1	1	1	1	0	1	0	a4	1	0	1	1	1	1	0	1	a1	0	1	1	1	1	0	1	1	1	0	1
1	0	0	1	1	1	1	1	0	0	1	1	1	1	0	2	2	2	2	0	2	2	2	2	2	2	1	1	2	2	2	1	2	1	2	2	1	2	0	2	2	1	2	1	0	2	0	0	0	1	1	0	1	1	0	1	0	1	0	1	0	1	1	1	0	1	1	0	1	1	1	1	1	1	1	1	1	1	1	1	1	1	1	0	1	1	2	2	1	1	2	2	2	0	0	1	1	1	2	2	1	1	2	1	1	1	2	2	2	2	0	2	2	0	1	1	1	1	1	1	1	1	1	1	1	1	1	1	0	1	1	1	1	1	1	0	1	1	1	a4	1	1	1	1	1	1	0	1	a1	1	1	0	1	1	0	1	1	1	1	1
1	1	1	1	1	1	1	1	1	1	1	1	1	1	1	2	2	2	2	0	0	2	0	2	0	0	2	2	1	2	0	2	2	2	2	2	2	2	2	1	1	2	0	2	1	0	1	1	1	1	0	1	0	1	1	1	0	1	1	1	1	1	1	1	1	0	1	1	1	1	1	1	1	1	1	1	1	0	1	1	1	1	1	1	1	0	1	2	0	0	1	1	2	2	0	2	2	0	1	0	0	2	1	1	1	1	2	1	0	2	1	1	1	2	2	2	1	0	1	1	1	0	1	1	1	0	1	1	1	1	1	1	1	1	1	1	1	1	1	a4	1	1	1	1	1	1	0	1	a1	1	1	1	0	1	1	1	1	1	1	1
1	1	1	0	1	1	1	1	1	1	1	1	1	1	1	1	0	1	2	2	2	2	0	1	0	2	2	1	2	1	2	2	1	0	2	1	2	2	2	0	0	2	2	2	1	1	1	0	1	1	0	1	0	1	1	1	0	1	1	0	1	1	0	1	0	1	0	1	1	1	1	1	1	1	0	1	1	1	1	1	1	0	1	1	1	1	2	2	2	2	0	0	0	1	2	1	0	1	2	2	1	2	1	1	2	2	0	1	1	2	0	2	1	2	1	1	1	1	1	1	0	1	1	0	1	0	1	1	0	1	1	1	1	1	1	1	1	1	1	a4	1	1	1	0	1	1	1	1	a1	0	1	0	1	1	1	1	0	1	1	1
1	1	1	1	1	1	1	1	0	0	1	1	1	1	1	1	2	2	2	1	1	2	2	2	1	2	1	2	2	2	2	2	1	1	0	1	2	0	2	2	1	2	0	0	0	1	1	1	0	0	1	0	1	0	1	1	1	0	1	0	1	1	1	1	1	1	1	1	0	0	1	1	1	1	0	1	1	1	1	1	1	1	1	1	1	1	2	0	1	1	2	1	1	2	1	2	2	2	1	2	0	0	0	2	2	1	1	1	1	1	0	1	2	0	1	1	1	0	1	1	0	0	1	0	1	1	1	1	1	1	1	1	0	1	1	1	1	1	1	a4	1	1	1	1	1	1	1	1	a1	1	1	1	1	1	1	1	0	1	1	0
1	1	0	1	1	1	1	1	0	1	1	1	1	0	1	2	2	0	1	0	1	2	1	2	1	0	2	0	2	2	2	0	2	2	2	0	2	1	1	2	1	1	2	0	2	1	1	1	1	1	1	1	0	1	1	0	1	1	1	0	1	1	1	1	1	1	1	1	1	1	1	0	1	1	1	0	0	1	1	1	1	0	1	1	0	1	1	1	0	1	0	1	2	2	0	1	2	1	2	2	1	1	1	0	0	1	0	2	1	2	2	2	0	2	2	2	0	1	1	1	1	0	1	1	0	0	1	1	1	1	1	0	1	1	1	0	1	1	0	a4	1	1	1	1	0	1	1	1	a1	1	0	1	1	1	1	1	1	1	1	1
1	1	1	1	1	1	1	1	0	1	1	1	1	0	1	2	1	2	0	2	1	2	2	1	2	2	0	2	1	2	2	0	1	2	0	2	2	2	0	1	0	2	1	1	2	1	1	1	1	1	1	1	0	1	1	0	1	1	1	1	1	1	0	1	1	0	1	1	0	1	1	1	1	1	0	0	1	1	1	1	1	0	1	1	1	1	0	2	2	1	0	2	1	1	1	1	2	1	2	2	2	2	1	1	1	2	1	2	2	2	1	2	0	0	1	0	1	1	1	1	1	1	1	1	1	1	1	1	1	1	0	1	1	1	0	1	1	1	1	a4	0	1	0	1	1	1	1	1	a1	1	1	1	1	1	1	0	1	1	0	0
1	0	1	1	1	0	1	0	0	1	0	1	0	1	1	1	1	2	1	2	1	2	1	2	2	0	2	2	1	2	0	1	2	2	2	2	2	2	2	2	2	0	1	2	2	2	0	1	1	1	1	1	1	1	1	1	1	1	1	0	1	1	1	1	0	1	0	1	0	1	1	1	1	1	1	1	1	0	1	1	1	0	1	1	1	1	1	2	2	0	2	1	0	2	1	0	1	1	2	2	1	2	1	0	2	2	1	0	0	2	2	1	2	0	1	2	1	1	1	1	1	1	1	1	1	1	1	1	0	0	1	1	1	1	0	1	0	1	1	a4	1	0	1	1	1	1	1	1	a1	0	1	0	1	1	0	1	1	1	1	1
1	1	0	0	1	0	0	1	1	1	1	0	1	1	1	1	0	1	1	2	1	2	2	2	2	1	0	0	2	0	2	2	0	2	1	2	0	2	2	2	2	2	2	2	2	1	1	1	1	1	1	1	1	1	1	0	1	1	1	1	0	1	1	0	0	1	1	1	1	1	1	1	1	1	0	1	1	1	1	1	1	1	1	1	1	1	1	0	0	0	1	1	2	0	1	2	2	1	1	1	2	2	0	0	1	1	2	1	0	2	0	2	1	1	0	2	1	1	1	1	1	1	1	1	0	0	0	1	1	1	0	1	1	1	1	1	1	0	1	a4	1	1	0	1	1	1	1	1	a1	1	1	1	1	1	1	0	1	1	1	1
1	1	1	1	1	1	0	1	1	0	0	1	1	1	1	1	1	0	2	0	1	0	2	0	2	2	1	2	1	2	2	2	1	2	1	2	2	2	1	2	2	2	2	2	0	1	1	0	1	0	1	1	0	1	1	1	1	1	0	0	1	1	0	1	1	1	1	1	0	1	0	1	1	1	1	0	0	1	1	1	0	1	0	0	1	1	0	2	1	0	2	0	2	0	0	1	2	2	2	1	1	0	1	0	0	1	2	2	1	0	2	0	2	1	2	1	1	1	0	1	1	1	1	1	1	1	1	1	0	1	1	1	1	1	1	1	1	0	1	a4	0	1	1	1	1	1	0	0	a1	1	0	1	1	0	0	1	1	1	1	1
1	1	1	1	1	1	1	1	1	1	1	1	1	1	1	1	2	2	1	2	2	2	1	2	2	0	2	1	2	0	2	1	0	2	2	2	1	2	0	1	2	2	0	2	1	2	0	1	0	1	1	1	1	1	1	1	1	1	0	0	1	1	1	1	1	0	1	1	1	1	1	1	1	1	1	1	1	1	1	1	1	1	1	1	1	0	1	0	1	0	0	2	1	0	2	1	2	0	0	2	2	1	0	1	2	2	0	1	1	1	2	1	2	1	2	1	1	1	1	1	1	1	1	1	1	1	1	1	0	1	1	1	1	1	0	1	1	1	1	a4	1	1	1	0	1	1	1	0	a1	1	1	1	0	1	1	0	1	1	1	1
0	1	1	1	0	1	1	1	1	1	1	1	1	1	1	1	2	0	2	2	1	2	2	1	2	2	0	0	2	2	2	2	2	1	2	0	2	2	2	1	2	0	2	2	2	1	1	1	0	1	1	0	1	1	0	1	0	1	1	1	0	1	0	0	1	1	1	1	1	1	0	0	0	1	0	1	0	1	1	1	1	0	1	0	1	1	1	0	2	1	2	2	1	1	0	2	2	1	1	2	2	1	1	1	1	1	0	1	2	0	1	0	0	2	2	0	1	1	0	1	1	1	0	1	1	1	1	1	1	1	1	1	0	1	1	1	1	1	1	a4	1	1	1	0	1	1	0	1	a1	1	1	1	1	1	1	1	1	0	1	0
1	0	1	1	1	1	1	1	1	1	1	1	1	0	1	0	0	0	2	0	2	0	2	2	2	2	2	0	2	0	2	1	2	2	2	1	1	2	2	2	2	2	0	0	2	1	1	1	1	1	1	1	1	1	1	1	1	1	1	1	1	1	1	1	1	0	1	1	1	1	1	1	1	1	1	1	1	1	1	1	0	0	0	1	1	1	2	1	2	1	0	2	2	1	1	2	2	0	1	2	1	2	2	0	2	0	1	0	1	1	1	2	1	1	0	2	1	1	1	1	1	0	1	1	0	1	1	1	1	1	1	0	1	1	1	1	0	1	1	a4	1	1	1	1	1	0	1	1	a1	a1	a1	a1	a1	a1	a1	a1	a1	a1	a1	a1
1	1	1	1	1	1	1	1	1	1	1	1	0	1	0	1	1	1	1	1	0	2	2	2	1	2	2	2	1	2	2	1	1	0	0	2	1	1	1	2	1	0	1	2	2	1	1	1	0	1	0	1	1	1	1	1	1	1	1	1	1	0	1	1	1	1	1	0	1	0	1	1	1	1	0	1	1	1	1	0	1	0	0	1	1	0	1	2	2	0	2	2	1	2	0	1	0	2	2	1	0	2	0	1	1	2	1	2	0	1	1	1	2	1	1	1	0	1	1	1	1	1	0	1	1	1	1	1	1	1	1	1	1	1	1	1	0	1	1	a4	1	1	1	1	1	0	1	1	1	1	1	1	1	1	0	0	1	0	1	1
1	1	1	1	1	1	1	1	1	1	1	1	1	1	0	2	2	0	1	2	1	1	1	1	1	0	1	1	0	1	1	1	1	2	1	1	1	2	0	2	1	2	1	2	2	1	1	1	1	1	0	0	1	1	0	0	1	1	0	1	0	1	1	1	1	1	1	1	1	1	1	1	0	1	0	1	1	0	1	1	1	1	1	0	1	1	1	2	1	2	0	1	1	0	1	1	0	1	1	2	2	2	2	0	0	2	2	1	2	2	1	2	1	1	1	2	1	1	1	1	1	1	0	1	1	1	0	1	1	1	1	1	1	1	0	1	1	1	1	a4	1	0	0	1	1	0	1	1	1	0	1	1	0	1	1	1	1	1	0	1
1	0	0	1	1	1	1	1	1	1	0	0	1	1	1	1	1	2	1	1	1	1	1	2	1	1	1	2	1	0	1	1	1	2	1	1	1	2	1	2	2	1	1	0	1	1	1	0	0	1	1	1	1	1	1	1	1	0	1	1	1	0	1	1	1	1	1	1	1	1	1	0	0	1	1	1	1	1	1	1	1	1	1	1	1	1	1	1	1	0	2	0	2	0	1	0	2	0	1	1	1	1	1	1	2	0	2	1	1	2	2	1	1	0	1	2	1	1	1	1	1	1	1	1	1	1	1	1	1	1	1	0	1	1	0	1	1	1	1	a4	a4	a4	a4	a4	a4	a4	a4	a4	a4	a4	a4	a4	a4	a4	a4	a4	a4	a4	a4	a4
1	0	1	0	1	0	1	1	1	1	1	1	1	1	1	2	1	2	1	2	2	1	2	1	0	2	1	0	2	2	2	1	2	2	2	2	1	1	2	2	1	2	0	2	0	0	1	1	1	1	1	1	1	1	0	0	0	1	1	1	1	0	1	1	0	1	1	1	1	1	0	1	1	1	1	1	1	1	1	0	1	1	1	1	1	1	2	1	2	1	0	2	0	1	1	1	0	2	2	1	2	2	0	1	2	1	2	2	2	2	2	2	2	1	2	1	1	1	1	0	1	1	1	0	1	0	1	1	1	1	1	0	1	1	1	1	1	0	1	0	1	1	1	1	1	1	1	1	1	1	1	0	1	1	1	0	1	1	0	1
1	1	0	1	0	0	1	1	1	1	1	1	1	1	0	2	1	1	1	2	1	2	1	2	1	1	2	2	0	0	1	2	1	1	1	2	1	2	2	1	1	0	0	2	1	1	1	1	0	1	1	1	1	1	0	0	1	1	1	1	0	1	1	0	0	1	1	1	1	1	1	1	1	1	0	1	1	1	1	1	1	1	0	1	1	1	1	1	1	1	1	1	1	1	1	1	1	0	1	1	1	1	1	1	1	1	1	1	1	1	1	1	0	1	1	1	0	1	1	1	1	0	1	1	1	1	1	1	1	1	1	0	1	1	1	1	1	1	1	1	1	1	1	1	0	1	1	1	0	0	1	1	1	1	1	1	1	1	1	1
1	1	1	1	1	1	1	1	0	1	1	1	0	1	1	1	1	2	2	1	1	1	1	2	2	2	2	1	1	2	2	1	1	1	1	1	2	1	2	1	0	1	2	1	2	1	1	1	1	1	1	1	0	1	1	0	0	1	1	1	0	1	1	1	1	1	1	0	1	1	0	1	1	1	1	1	1	0	1	1	0	0	0	1	1	1	1	1	0	0	1	1	1	1	1	1	0	0	0	1	1	0	0	1	1	1	1	1	1	1	1	1	1	1	1	0	1	1	0	1	0	1	1	1	1	1	1	1	1	1	1	1	1	1	1	1	1	0	1	1	1	1	0	1	1	1	1	1	0	0	1	1	1	1	0	0	1	0	1	0
1	1	1	1	1	1	1	0	1	1	1	1	1	1	1	1	2	1	1	0	1	2	1	2	0	2	1	2	1	0	2	2	1	2	2	1	1	0	0	1	2	2	1	1	1	0	1	1	1	1	1	1	1	1	0	1	1	0	1	0	1	1	1	1	1	1	1	0	1	0	1	1	1	1	1	1	1	1	1	1	1	1	0	0	1	1	1	1	1	1	1	1	1	1	1	0	1	1	1	1	0	1	1	1	0	0	1	2	1	0	2	0	2	0	2	1	2	2	1	0	2	1	2	2	2	2	2	2	2	1	2	0	1	2	0	2	2	0	1	1	1	1	1	1	1	1	1	1	0	1	1	1	1	1	1	1	1	1	1	0
0	1	1	1	0	0	1	1	1	1	1	1	1	1	0	1	2	0	2	1	1	1	2	1	2	0	1	2	1	2	2	1	1	1	1	0	0	1	2	1	2	0	2	2	2	0	1	1	1	0	1	1	1	1	0	0	0	1	1	0	1	1	1	1	1	0	0	1	1	1	0	0	1	1	1	0	1	0	1	1	1	1	1	1	1	1	1	1	1	1	1	1	1	1	0	1	1	1	1	1	1	1	0	1	1	0	1	2	2	2	0	1	2	2	0	2	0	1	2	1	2	2	2	1	2	1	1	2	2	0	2	2	2	2	1	2	1	1	1	1	1	0	0	1	1	1	0	0	1	1	1	1	1	1	1	1	1	1	1	1
1	1	1	1	0	1	1	1	1	1	1	1	1	1	1	0	2	1	1	1	2	2	1	1	0	1	1	1	0	1	0	0	1	1	2	1	1	2	0	1	0	1	1	1	2	1	1	1	1	1	1	1	1	1	1	0	1	1	1	1	1	1	1	1	1	1	1	1	1	1	1	1	1	1	1	1	1	1	1	1	1	1	1	1	0	1	1	0	1	1	1	1	1	1	0	1	1	1	1	1	1	0	1	1	1	0	0	2	0	0	1	0	1	1	2	2	2	1	1	2	2	0	2	1	2	2	2	1	2	0	1	1	2	0	1	2	2	1	0	0	1	1	1	1	1	1	1	0	0	1	1	1	1	1	0	1	1	1	1	1
1	1	1	1	1	1	1	1	1	1	0	1	0	1	1	0	2	1	2	2	1	2	1	1	1	2	0	2	1	1	2	2	2	2	1	1	1	2	0	2	1	2	2	2	1	1	1	1	1	1	0	1	1	1	1	0	0	1	1	1	1	1	0	1	1	1	1	1	1	1	0	1	1	0	1	1	1	1	1	1	1	1	1	1	1	1	1	1	0	1	1	1	1	1	1	1	1	1	1	0	0	1	1	1	0	1	1	1	1	2	0	2	2	1	2	1	0	2	1	0	2	2	2	0	2	2	2	1	0	0	0	2	1	2	1	1	2	1	1	1	1	1	1	0	1	1	1	1	0	1	1	1	1	1	1	1	1	1	1	0
0	0	1	1	0	0	1	1	1	0	1	1	1	1	1	2	2	2	2	0	0	0	0	2	0	1	2	2	0	2	2	2	1	1	2	0	1	2	0	0	2	1	1	2	1	1	1	0	1	1	1	1	1	1	1	1	1	1	1	1	1	0	0	1	1	1	1	1	1	1	1	1	1	1	1	0	1	1	1	1	1	1	0	1	1	1	1	1	0	0	1	0	1	0	1	1	1	1	1	1	1	1	1	1	1	1	1	2	1	2	2	2	0	2	2	2	0	1	0	2	2	1	2	0	1	1	1	2	0	0	2	1	2	2	0	2	1	1	1	0	1	1	1	1	1	1	1	0	1	0	1	0	1	1	1	0	1	1	1	0
1	1	1	1	0	1	1	1	1	1	1	1	1	1	1	1	1	1	1	0	1	1	1	1	1	1	1	1	0	1	1	1	1	1	1	0	1	1	1	0	1	1	1	1	1	0	0	1	1	1	1	1	1	1	1	1	1	0	1	1	1	1	1	1	0	1	1	1	1	1	1	1	1	1	1	1	1	1	0	1	0	0	1	1	1	0	0	1	0	1	1	1	1	1	1	1	1	1	1	0	0	0	1	0	1	0	1	2	1	0	1	1	1	2	1	2	1	2	1	2	0	1	2	2	1	1	2	1	2	0	1	2	2	2	1	1	0	0	1	1	1	1	1	1	1	1	0	1	1	1	1	1	1	0	1	1	1	1	0	1
1	1	1	1	1	0	1	1	1	1	0	0	1	1	1	0	0	1	1	1	0	1	1	1	1	1	1	1	1	1	1	1	1	1	0	1	1	1	1	0	1	1	1	1	1	1	1	1	0	0	1	1	1	1	1	0	1	0	0	0	0	0	1	0	1	0	1	1	1	1	0	1	1	0	1	1	1	1	1	1	1	1	1	1	1	1	1	1	1	1	1	1	1	1	1	1	1	1	0	1	1	1	0	1	1	1	1	2	1	1	2	1	1	0	1	2	1	2	2	2	2	0	1	1	0	0	0	0	1	1	2	0	0	0	2	1	2	1	1	1	1	1	1	1	1	1	0	1	1	1	1	1	0	0	1	0	0	1	1	1
0	1	1	1	0	1	1	1	1	1	1	1	0	1	1	1	0	1	1	1	0	1	0	1	1	0	1	0	1	1	0	1	1	1	1	0	0	1	1	1	1	1	0	1	1	0	1	1	1	1	1	1	1	1	1	1	1	1	1	1	1	0	1	1	1	1	1	1	1	1	1	1	1	1	1	0	0	1	1	1	1	0	1	1	1	1	0	1	1	1	1	0	1	0	1	1	1	0	1	1	1	1	1	1	1	1	1	1	2	0	1	2	0	0	2	2	2	2	1	2	1	0	2	1	2	2	2	1	2	2	0	0	2	0	1	1	1	1	1	1	1	1	1	0	0	0	1	1	0	1	1	1	1	1	1	1	1	1	0	1
1	1	1	g	1	1	1	1	1	1	1	1	1	1	1	0	0	1	0	1	1	0	1	0	1	1	1	1	0	1	1	0	1	1	1	1	1	1	1	1	0	1	0	1	1	1	1	1	1	1	1	1	1	0	1	1	1	1	1	1	1	0	0	1	1	1	1	0	1	1	1	1	1	0	0	1	0	1	1	0	1	0	1	1	1	1	0	0	1	0	0	1	1	1	0	0	1	1	1	1	0	1	1	1	1	1	1	2	0	1	0	0	0	1	0	2	1	1	1	0	0	2	1	1	2	2	2	2	1	1	0	2	1	1	1	2	0	1	1	1	1	1	0	1	1	1	1	1	1	1	1	0	1	1	1	1	1	1	1	1
a3	a3	a3	a3	a3	a3	a3	a3	a3	a3	a3	a3	a3	a3	a3	a3	a3	a3	a3	a3	a3	0	1	1	1	1	1	1	1	1	1	1	1	0	1	1	1	1	1	1	1	1	1	1	0	1	1	1	1	0	1	1	1	1	1	1	1	1	1	1	0	1	0	1	0	0	0	1	1	0	1	0	1	1	1	0	1	1	1	0	0	1	1	1	1	1	1	1	0	0	0	1	1	1	1	1	1	1	0	1	1	1	1	0	1	1	1	1	1	1	2	2	2	2	2	0	2	1	2	1	1	2	0	1	2	1	1	1	2	2	1	1	1	1	1	0	0	1	1	1	1	1	1	1	1	0	1	1	1	1	1	0	1	1	1	1	1	1	1	1
1	2	1	0	2	1	1	2	2	0	2	1	1	2	0	2	2	1	0	1	b3	1	1	1	1	1	1	1	1	1	1	1	0	0	1	1	0	1	1	1	0	0	1	1	1	1	0	1	1	1	1	1	1	1	0	0	0	1	0	1	1	1	0	0	1	1	0	1	1	1	0	0	1	1	0	1	0	1	1	0	1	1	1	1	1	0	1	1	1	1	1	1	1	1	1	1	1	0	1	1	1	1	1	1	1	1	1	1	0	0	1	1	1	0	2	1	1	1	2	0	1	1	1	0	2	0	2	0	0	2	2	2	0	1	0	0	1	1	1	0	0	0	1	1	1	1	1	1	1	1	1	1	1	1	1	1	1	1	1	1
0	0	2	2	2	2	1	1	1	2	1	2	0	1	1	1	0	1	2	2	a3	0	1	1	0	1	0	1	1	1	1	1	1	0	1	1	1	1	1	1	1	1	1	1	1	1	0	1	1	1	1	1	1	1	1	1	1	1	1	1	1	1	1	1	1	1	1	1	1	1	1	1	1	0	0	1	1	1	1	1	1	1	1	1	1	1	1	1	1	0	1	1	1	0	1	0	1	1	1	0	1	1	1	1	1	1	1	2	2	2	2	2	2	2	2	0	2	2	1	0	2	1	1	1	2	1	2	1	2	2	2	1	1	1	0	1	2	1	0	1	0	0	1	1	1	1	1	1	1	1	1	1	1	1	1	1	1	1	1	1
2	1	1	1	2	1	2	0	0	0	2	1	2	2	2	0	1	2	2	2	b3	1	1	1	1	1	0	1	1	0	1	1	0	0	1	1	1	0	1	1	1	0	1	1	1	1	1	1	1	0	0	0	1	0	1	1	1	1	1	0	1	0	1	1	1	1	1	1	1	1	1	1	1	1	1	1	0	0	0	1	1	1	1	0	0	1	0	0	1	1	1	1	1	1	0	1	0	1	1	1	1	1	1	1	0	1	1	2	1	2	2	1	2	2	2	1	1	2	1	0	0	2	0	0	0	2	1	2	2	1	0	1	2	1	0	1	0	1	1	1	0	1	1	1	1	1	1	1	1	1	1	1	1	1	1	1	1	1	0	1
0	2	2	2	2	2	2	1	1	1	0	0	1	1	2	0	2	2	1	2	a3	1	1	1	1	0	1	1	1	1	1	1	1	1	1	1	1	1	1	1	0	1	1	1	1	1	1	1	0	1	1	0	0	0	1	1	1	0	1	1	1	1	0	1	0	1	1	0	0	1	1	1	0	1	1	1	1	1	1	1	1	1	1	1	1	1	1	1	1	1	0	1	0	1	1	0	0	0	1	1	1	1	1	1	1	1	1	2	2	0	2	1	0	0	1	1	2	1	0	0	1	2	2	1	2	0	2	2	2	1	2	1	1	2	1	2	2	1	1	1	1	1	1	1	1	1	1	1	1	1	0	1	1	1	1	1	0	1	1	1
2	1	1	1	1	1	2	0	1	2	1	0	2	0	1	2	1	0	1	1	a3	1	1	0	1	0	1	1	1	1	1	1	1	1	1	0	1	1	1	1	0	1	0	0	1	1	1	1	1	1	1	1	1	1	1	0	1	1	1	1	0	0	1	1	1	1	1	1	1	0	1	1	1	1	1	1	1	0	1	1	1	0	1	1	1	1	0	1	1	1	1	0	0	0	1	1	1	1	1	1	1	1	1	1	1	1	1	0	1	1	2	1	2	2	0	2	1	2	1	2	1	0	1	1	2	1	1	0	0	2	1	2	2	0	2	1	1	0	1	1	1	1	1	1	1	0	1	1	1	1	1	1	1	1	1	1	1	1	1	1
1	2	0	1	1	2	0	0	2	1	2	1	2	1	1	2	2	2	1	0	b3	1	1	1	1	1	0	1	0	1	1	1	1	0	1	1	0	1	0	1	1	1	0	1	1	1	1	1	1	1	1	0	1	1	0	1	1	0	0	1	1	1	0	1	1	0	1	1	1	1	1	1	1	1	1	1	0	1	1	1	1	1	1	1	1	1	1	0	0	1	1	1	1	1	1	1	1	1	1	1	1	1	1	1	1	1	1	2	1	2	2	2	2	2	1	1	1	1	0	1	1	0	2	2	2	1	1	0	1	1	1	2	0	1	2	2	1	0	1	1	0	1	1	1	1	1	1	1	1	0	1	1	1	1	1	1	1	1	1	0
1	1	2	2	2	0	2	2	0	2	1	2	0	2	1	2	1	2	1	1	a3	1	1	1	1	1	0	1	1	0	1	0	0	1	0	1	1	1	1	1	1	0	1	1	1	0	1	1	1	0	1	1	0	1	1	1	1	1	1	1	1	1	1	1	1	1	1	1	1	1	1	0	1	1	1	0	1	1	1	1	0	0	1	1	1	1	1	1	1	0	1	1	0	1	0	1	1	1	0	1	1	1	1	1	0	1	0	1	2	1	1	2	1	1	2	2	0	2	2	1	1	1	2	1	1	2	2	1	1	2	0	1	2	1	2	1	2	1	1	0	0	1	1	1	1	1	1	1	1	1	0	1	1	1	1	0	1	1	0	1
2	0	1	1	2	2	2	1	1	2	2	1	1	1	2	1	1	2	0	0	b3	0	1	1	1	1	1	1	1	1	1	1	1	0	1	0	1	0	1	1	1	1	0	1	0	0	1	1	0	1	1	0	1	0	1	1	1	1	1	1	1	1	1	1	1	1	1	1	1	1	0	0	0	0	1	0	1	1	1	1	1	1	1	1	1	1	1	1	1	0	1	1	1	0	1	1	1	1	0	1	1	1	1	1	0	1	1	2	2	0	1	2	1	1	2	2	1	0	2	0	2	0	1	1	2	0	0	1	0	2	2	2	0	1	1	0	1	1	1	1	1	1	1	1	1	1	1	1	1	1	1	1	1	1	1	1	1	1	1	0
2	2	1	2	1	0	1	2	2	1	0	1	2	1	0	1	1	1	1	0	b3	1	1	1	1	1	1	1	1	1	0	0	1	1	0	1	1	1	1	1	1	1	0	1	1	1	1	1	1	1	1	0	1	1	1	1	1	0	0	1	1	0	1	1	1	1	1	1	1	1	1	1	1	1	1	1	1	1	1	1	0	1	0	0	1	0	1	1	1	1	1	1	1	0	1	1	1	1	1	1	1	1	0	1	1	1	1	1	2	2	1	1	1	2	2	2	2	2	1	1	1	0	1	2	1	0	1	1	0	1	0	1	1	1	1	2	2	1	1	1	1	0	1	1	1	0	1	1	1	0	1	1	0	0	1	1	1	1	1	0
1	1	2	0	1	0	1	0	1	2	2	1	2	2	2	1	2	1	1	1	a3	1	1	1	1	1	1	1	0	1	1	1	1	1	1	0	1	1	0	0	0	1	1	1	1	1	0	1	0	1	1	1	1	1	1	1	1	0	1	1	1	1	1	1	1	1	1	1	1	1	1	1	1	0	1	1	1	1	1	1	1	1	1	1	1	1	1	1	1	1	1	0	1	1	1	1	0	1	0	1	1	1	1	1	1	1	1	1	1	2	2	1	2	1	2	1	2	2	1	1	2	1	0	1	2	2	1	2	2	2	1	2	1	1	2	2	1	0	1	1	1	1	1	1	0	1	1	0	1	1	0	1	1	0	1	1	1	0	1	0
0	2	1	2	0	1	1	2	1	2	2	1	2	0	2	2	2	0	0	2	b3	1	1	1	1	1	1	1	1	0	1	1	0	0	1	1	1	1	1	1	1	1	1	1	1	1	1	1	1	1	1	1	1	1	0	1	1	1	1	1	1	1	1	1	1	1	1	1	1	0	1	1	1	1	1	0	0	0	1	1	1	0	0	0	1	1	1	0	1	1	1	0	1	1	1	1	1	1	1	0	0	1	1	1	1	1	1	1	0	1	2	2	1	0	2	0	0	0	2	2	0	0	0	1	0	2	2	0	2	1	1	1	2	2	1	0	0	1	0	1	1	1	0	0	1	1	1	0	1	1	0	1	1	1	1	1	1	1	1	1
2	2	2	2	1	2	2	2	1	2	1	2	2	0	2	0	2	1	2	1	b3	1	1	1	0	1	1	0	1	1	1	1	1	1	1	1	1	1	1	0	1	1	1	1	1	0	1	1	1	1	1	1	1	1	1	1	0	1	1	1	1	1	1	1	1	1	1	1	1	1	1	1	1	1	1	1	1	1	0	0	1	0	1	1	0	0	0	1	1	0	1	1	1	0	1	1	1	1	0	0	1	1	0	1	1	1	1	2	0	0	1	2	2	1	1	0	1	1	2	2	0	0	1	1	1	2	1	0	1	2	2	0	1	0	2	1	0	1	1	0	1	0	1	0	1	1	1	1	0	1	1	1	1	1	1	1	1	1	1	0
1	2	0	1	0	1	1	1	1	2	2	1	2	1	2	2	1	1	1	1	a3	0	1	1	1	1	1	1	1	1	1	1	1	1	1	1	1	1	1	0	1	1	1	0	1	0	0	1	1	0	1	1	1	1	1	1	1	1	1	1	0	0	1	1	1	1	1	1	1	1	1	1	1	1	1	1	1	1	1	1	1	0	1	1	1	1	1	1	1	1	1	1	1	1	1	0	1	0	1	0	1	1	1	1	1	1	1	0	2	1	2	2	2	1	0	1	0	2	0	1	1	1	2	0	2	0	0	1	0	2	1	0	1	1	1	1	2	1	1	1	1	1	1	1	1	1	0	1	1	1	1	1	1	1	1	1	1	1	1	1
2	1	2	0	2	2	2	2	2	0	1	2	2	1	1	0	1	1	2	2	a3	1	1	1	1	0	1	1	1	1	0	1	1	1	1	1	0	1	1	0	1	1	0	1	0	0	1	0	1	0	1	1	1	1	1	1	1	1	1	0	1	1	1	1	1	1	1	1	0	1	1	1	1	1	1	1	1	1	0	1	0	1	1	0	1	1	1	1	1	0	0	1	1	0	1	1	1	0	0	1	1	1	1	1	1	0	0	1	2	0	2	0	1	2	2	1	0	1	2	2	1	2	1	1	2	0	2	1	2	1	1	2	2	2	0	0	1	0	1	1	1	1	1	0	1	0	0	0	1	0	0	1	1	0	1	1	1	1	1	1
1	1	2	1	1	2	2	1	1	1	0	1	2	1	1	2	2	1	2	1	a3	0	1	1	1	1	1	1	1	1	1	1	1	1	1	1	1	1	1	1	1	0	1	1	1	1	1	1	0	1	0	0	0	1	1	1	1	1	1	0	1	1	1	1	1	1	1	1	1	1	0	0	1	1	1	1	1	1	1	0	1	1	1	0	1	1	1	1	1	1	1	1	0	0	1	1	1	1	1	1	1	1	1	1	1	0	1	1	2	1	1	1	0	2	2	2	2	1	2	0	0	2	2	1	2	2	1	2	2	0	0	0	1	0	1	2	2	1	1	1	1	1	1	1	1	0	1	1	1	1	1	1	1	1	1	1	1	1	1	1
2	2	0	2	2	0	2	0	0	1	2	2	2	0	0	2	2	2	1	2	b3	1	1	1	1	0	1	1	1	1	1	1	1	0	1	0	1	1	1	1	0	1	1	1	1	1	1	1	1	1	0	1	0	1	1	1	1	1	0	1	0	0	1	1	1	1	1	1	1	0	0	1	1	1	1	1	1	1	0	1	1	1	1	0	1	1	1	1	1	1	1	1	1	1	1	1	1	1	1	0	1	1	1	1	0	1	1	1	2	0	1	1	0	2	1	2	0	2	1	2	1	1	2	2	2	1	2	2	1	1	1	1	0	0	1	2	1	0	1	1	1	1	1	1	0	1	0	1	1	1	1	1	1	1	1	1	1	0	1	1
1	2	2	2	0	2	2	2	2	1	2	2	1	2	2	1	1	0	2	1	a3	1	1	1	1	1	1	1	1	1	1	1	1	0	0	1	1	1	1	0	1	1	1	1	1	1	1	1	1	1	1	1	1	1	1	1	1	1	1	1	1	1	1	1	1	1	1	1	1	1	0	1	1	1	0	1	0	1	1	1	1	1	0	1	1	1	1	1	1	0	0	0	1	1	1	1	1	1	0	1	1	1	1	1	0	1	1	0	2	1	1	1	2	2	2	1	2	1	0	2	0	1	1	1	1	0	2	2	1	2	2	2	2	1	1	1	1	1	1	1	0	0	1	1	1	1	0	1	1	1	1	1	1	1	1	1	1	1	1	1
2	2	2	0	1	1	0	1	1	1	2	2	0	0	1	2	2	2	1	1	a3	1	1	1	1	1	0	1	0	1	1	0	1	1	1	0	0	1	1	0	0	0	0	1	1	1	1	1	1	1	1	1	1	1	0	1	1	1	1	1	1	1	0	1	1	1	1	1	1	0	1	1	1	0	1	1	1	1	1	1	1	1	0	1	1	1	0	0	1	1	1	0	0	0	1	1	1	1	1	1	1	1	0	1	1	1	1	2	1	2	1	2	2	2	2	2	2	2	1	1	1	2	2	2	2	1	1	1	2	2	0	2	2	1	1	1	2	1	1	1	1	1	1	0	1	1	1	0	1	0	1	1	1	0	1	1	1	1	1	1
0	1	2	2	1	2	2	2	2	2	0	2	0	2	0	1	2	1	2	2	a3	1	1	1	1	1	1	0	1	1	1	1	0	1	1	1	1	1	1	0	1	1	1	1	1	1	1	1	1	1	1	1	1	0	1	0	1	1	0	1	0	0	1	1	1	0	1	1	1	1	1	1	1	1	0	1	0	1	1	1	1	1	1	0	1	1	1	1	1	1	1	1	0	1	0	1	1	1	1	1	1	1	1	1	1	1	1	2	0	2	2	2	2	2	1	2	2	1	2	2	1	1	2	2	1	2	0	2	2	2	2	2	1	1	2	1	2	1	0	0	1	1	1	1	0	1	0	1	1	1	0	1	1	1	1	1	1	1	1	0
1	0	1	1	0	1	0	1	2	0	1	2	2	2	2	0	1	1	2	2	a3	1	1	0	1	1	1	1	1	1	1	0	1	1	1	0	1	0	1	1	1	0	1	0	0	1	1	1	1	1	1	0	0	1	1	0	0	1	1	0	1	1	0	1	1	1	1	1	1	1	1	1	0	0	1	1	1	0	1	1	1	1	1	1	1	1	1	0	0	1	1	1	0	1	1	1	1	0	1	0	1	1	1	1	1	0	0	2	2	2	1	1	1	1	2	0	2	1	1	1	1	1	0	2	1	2	0	2	1	1	1	2	1	1	1	1	1	1	1	1	1	1	1	1	0	1	1	1	1	0	1	1	1	1	1	1	1	1	0	1
2	1	2	1	0	1	0	1	1	2	0	1	1	1	2	1	2	1	2	1	b3	1	1	1	1	1	1	1	1	1	1	1	1	1	0	1	1	1	1	0	0	0	1	1	1	1	1	1	1	1	1	1	1	1	1	0	1	0	1	1	1	1	1	0	1	1	1	0	1	1	1	1	1	1	1	0	1	1	1	1	1	1	1	1	1	1	1	1	1	1	0	1	0	0	1	1	0	0	1	0	1	0	0	1	1	0	1	1	1	1	1	1	0	1	1	0	1	1	1	0	1	1	1	1	1	1	1	1	1	1	1	1	1	0	1	1	1	1	1	1	1	1	1	1	1	0	1	1	1	1	1	1	1	1	1	1	1	0	1	1
1	0	2	2	0	1	2	1	2	2	2	2	2	2	2	2	1	2	0	2	b3	1	1	1	1	1	1	1	1	1	1	1	1	1	1	1	1	1	1	1	1	1	1	1	1	1	1	0	1	1	1	1	1	1	1	1	1	0	1	1	1	1	1	1	1	1	0	1	1	1	1	0	1	1	1	1	1	1	0	1	1	1	1	1	1	1	1	0	1	1	1	1	1	1	1	1	1	0	1	1	1	1	1	1	1	0	1	1	1	1	1	1	1	1	1	0	1	1	1	1	1	1	1	1	1	1	1	1	1	1	1	1	0	1	1	0	1	1	1	1	1	1	1	1	1	1	1	1	1	1	1	1	1	1	1	1	1	1	1	1
2	2	1	2	0	2	0	2	1	1	1	1	2	2	1	2	1	1	1	2	b3	1	1	1	0	1	0	1	1	1	1	1	1	1	1	0	1	1	1	1	1	1	1	1	0	1	1	0	1	1	1	1	1	1	1	0	0	1	1	1	1	0	1	1	1	1	1	1	1	1	1	1	1	1	0	1	1	1	1	1	0	1	1	1	1	1	1	1	1	1	1	1	0	1	0	0	1	1	1	1	1	1	1	1	1	1	1	0	1	1	0	1	1	1	1	1	1	1	1	a2	a2	a2	a2	a2	a2	a2	a2	a2	a2	a2	a2	a2	a2	a2	a2	a2	a2	a2	a2	a2	1	1	1	1	1	1	1	1	1	1	0	0	1	1	1	1	1	0	1	0
1	1	0	2	2	1	2	2	0	2	1	2	1	2	2	2	1	2	1	2	b3	1	1	0	1	1	1	1	1	1	1	1	0	0	1	1	1	0	1	1	1	1	1	1	1	1	1	1	0	1	1	1	1	1	1	1	1	1	1	1	1	1	1	0	1	1	1	1	1	1	0	1	1	1	0	1	1	1	0	1	1	1	1	1	0	1	1	1	1	0	1	1	1	1	1	1	1	1	1	0	0	1	1	1	1	1	1	1	1	1	1	1	1	1	1	1	1	0	1	a2	1	0	1	1	1	1	1	1	1	1	1	1	1	1	1	1	0	1	1	a2	1	0	1	1	1	0	0	1	1	0	1	0	1	1	1	1	1	1	1	1
2	1	1	2	1	2	0	2	2	0	1	2	0	1	1	2	1	2	2	2	a3	0	0	0	0	0	1	1	1	1	1	1	0	1	1	1	0	1	1	1	1	1	1	1	1	0	1	1	0	1	0	1	1	1	0	1	1	1	1	1	1	1	0	1	1	1	1	1	1	1	1	1	1	1	0	1	1	1	1	1	1	1	1	0	0	0	1	0	1	1	1	1	1	0	1	1	1	1	1	0	1	1	1	1	1	1	1	1	1	1	0	1	1	1	1	1	1	1	1	a2	0	0	1	1	1	1	1	1	1	1	1	0	1	0	1	1	0	0	1	a2	1	1	1	0	1	1	1	1	0	1	1	1	1	1	0	0	1	1	1	1
1	1	1	2	1	1	2	0	2	1	1	2	1	1	1	2	0	2	0	0	b3	1	1	1	1	1	1	1	1	0	1	0	1	0	1	0	1	1	1	0	1	0	1	0	1	0	1	1	1	1	0	1	0	1	1	1	1	1	1	0	1	1	1	1	1	1	1	1	1	1	1	1	0	1	0	1	0	1	0	0	1	1	1	1	1	1	1	0	1	1	1	1	1	1	1	1	1	0	1	1	1	1	1	1	0	0	0	1	1	1	0	1	1	1	1	1	1	1	1	a2	1	0	1	1	1	1	1	1	1	1	1	1	1	0	1	1	1	0	1	a2	0	0	1	1	1	1	1	1	1	0	1	1	1	1	1	1	1	1	1	1
2	2	2	2	1	2	2	2	2	1	2	2	1	1	0	1	1	2	2	2	b3	1	1	1	1	0	0	1	0	1	0	1	0	1	1	0	0	1	1	1	1	1	1	1	1	1	1	1	0	1	0	1	1	1	1	1	0	1	0	1	1	0	1	0	1	1	1	1	1	1	1	1	0	1	1	1	1	1	1	1	1	1	1	1	1	1	1	0	1	0	1	1	1	1	1	1	0	1	1	1	1	1	1	1	1	1	1	0	1	1	0	1	0	0	0	0	1	1	1	a2	1	1	1	0	1	0	1	1	1	1	1	1	0	0	1	1	1	1	1	a2	0	1	1	0	1	0	0	1	1	1	0	0	1	1	1	1	1	1	1	1
0	2	1	1	0	2	0	1	2	2	1	0	1	2	1	1	1	2	1	1	a3	1	1	1	0	1	1	1	1	1	1	1	0	1	1	0	1	0	1	1	0	1	1	1	0	1	1	1	1	1	1	1	0	1	1	1	1	0	1	1	1	0	1	0	0	1	1	1	1	1	1	1	1	1	1	0	1	1	1	1	1	0	1	1	0	1	1	1	1	0	1	1	1	1	1	1	1	1	1	1	1	0	1	1	1	1	1	0	1	1	1	1	1	1	1	0	1	1	1	a2	1	1	0	0	1	1	0	1	0	1	0	1	1	1	0	1	0	0	1	a2	1	0	1	0	1	1	1	1	1	1	1	1	1	1	0	1	1	1	0	1
2	0	2	1	2	1	0	0	1	1	1	2	2	2	1	2	2	2	2	1	a3	1	1	1	0	1	1	0	0	0	1	1	1	0	1	0	1	0	0	0	0	0	1	1	1	1	1	1	0	1	1	1	1	1	1	1	0	1	1	1	0	1	1	1	0	1	0	1	1	1	0	1	1	1	1	1	1	1	1	1	1	1	1	0	1	1	1	1	0	1	1	1	0	1	0	1	1	0	1	1	1	1	0	1	0	1	1	1	1	1	1	1	1	1	1	1	0	1	1	a2	1	1	1	0	1	0	1	1	0	1	1	1	1	1	1	1	1	1	0	a2	1	1	1	1	1	1	1	0	1	1	0	1	1	1	1	1	1	1	1	1
2	2	1	2	2	0	0	2	1	1	1	1	1	1	1	2	1	1	1	1	b3	1	1	1	1	0	1	1	0	1	1	1	1	1	1	1	1	1	1	1	1	1	1	0	1	1	0	1	1	1	1	1	1	1	1	1	1	1	1	1	1	1	1	1	1	0	1	1	1	1	1	1	1	1	1	0	1	1	1	1	1	1	1	1	1	1	1	1	1	1	0	1	0	1	1	1	1	1	0	1	1	1	1	1	1	1	1	1	1	1	1	0	1	1	1	0	1	1	1	a2	1	1	1	1	1	0	1	0	1	1	0	1	1	1	0	1	1	1	1	a2	1	1	1	1	1	1	1	1	1	1	0	1	1	1	1	1	1	0	0	1
1	1	1	1	0	0	1	1	1	1	1	1	0	1	0	1	1	1	1	0	a3	1	0	1	1	1	1	1	1	1	1	0	1	1	1	0	1	1	1	1	1	0	1	0	1	0	1	1	1	1	1	1	1	1	1	1	1	1	1	1	0	1	1	1	1	1	1	1	1	1	1	0	1	0	1	1	1	1	0	1	1	0	1	1	1	1	1	1	0	0	1	0	1	1	1	1	1	0	1	1	1	1	1	0	1	1	1	1	1	1	1	1	1	1	1	0	1	1	1	a2	1	1	1	1	1	0	1	1	1	1	1	0	0	0	0	1	1	1	1	a2	1	1	0	1	1	1	1	0	1	1	1	0	0	1	0	1	1	1	1	1
1	0	0	1	1	0	1	1	1	1	1	0	1	1	1	1	1	1	1	1	a3	1	1	1	1	1	1	0	1	1	1	0	0	1	1	0	1	1	1	0	1	0	1	1	1	1	1	0	1	1	0	1	0	1	1	1	0	1	0	0	1	0	1	1	1	1	1	1	0	1	1	1	1	1	0	1	1	1	1	1	1	0	1	1	1	1	0	0	1	1	1	0	1	1	1	1	1	1	1	0	1	0	1	1	0	1	1	0	1	1	0	1	1	1	1	1	1	0	1	a2	1	1	1	1	0	1	1	1	1	1	1	1	1	0	1	1	0	0	1	a2	1	1	1	1	1	1	1	1	1	1	1	1	1	1	1	1	0	1	1	1
1	1	1	1	1	1	1	1	1	1	1	1	1	1	1	1	1	1	0	0	a3	1	1	1	1	1	0	0	1	1	1	1	1	1	1	1	0	1	1	1	0	1	0	1	1	0	0	1	0	0	1	1	1	1	1	1	1	1	0	0	1	1	0	1	1	1	1	1	1	1	1	1	1	0	1	1	1	0	1	0	1	1	1	0	1	1	1	0	1	0	1	1	1	0	1	0	1	1	0	1	1	1	0	1	1	1	1	1	1	1	1	1	1	1	0	0	1	1	1	a2	1	1	1	1	1	1	1	1	0	1	0	1	1	1	1	0	1	1	1	a2	1	1	1	1	0	1	1	0	0	1	0	1	1	1	0	1	1	1	1	1
1	1	1	1	1	0	1	1	1	1	1	1	1	1	0	0	1	1	0	1	a3	1	1	1	0	1	1	1	1	1	1	1	1	1	1	1	1	1	1	1	1	1	1	0	1	1	1	1	1	0	1	1	1	1	1	1	1	1	1	1	1	0	1	1	1	1	1	1	1	1	1	0	1	1	1	1	1	1	1	1	0	1	0	1	1	0	1	1	0	1	1	1	1	1	1	1	1	1	0	0	0	1	1	1	1	1	1	1	1	1	1	1	1	1	0	1	1	1	1	a2	1	1	1	1	1	1	1	1	1	1	1	1	1	1	1	1	1	0	1	a2	1	1	1	1	0	1	1	0	1	1	1	1	1	1	0	0	1	1	1	1
1	0	1	1	1	1	1	1	1	0	1	1	0	1	1	1	1	1	0	1	a3	1	0	1	0	1	1	1	1	0	1	1	1	1	0	1	1	1	1	1	1	1	1	1	1	1	1	0	1	1	1	1	1	1	1	0	1	1	1	1	1	1	1	1	1	1	1	0	1	0	1	1	1	1	0	0	1	1	1	1	1	1	0	1	1	0	1	1	1	1	0	1	1	1	1	1	1	0	1	1	1	1	1	1	1	1	1	1	1	1	1	1	1	1	1	1	1	1	1	a2	1	1	1	1	1	1	1	1	1	1	1	0	1	0	1	1	0	1	1	a2	0	1	1	1	1	1	1	1	1	1	1	1	1	1	1	1	0	1	1	1
1	1	1	1	1	0	0	1	1	0	1	0	1	1	1	1	1	1	1	1	a3	1	1	0	1	1	1	0	1	1	1	0	1	1	1	1	1	1	1	1	0	1	1	1	0	1	1	1	0	1	1	1	1	1	1	1	1	1	1	0	1	1	1	1	1	1	1	1	1	1	0	1	1	1	1	1	1	1	1	1	1	1	0	1	1	1	1	1	0	1	1	1	1	1	1	1	1	1	1	1	1	1	1	1	1	0	1	0	1	1	1	1	1	0	1	1	1	1	1	a2	1	1	1	1	0	1	1	1	0	1	1	1	1	1	0	1	1	1	1	a2	1	1	1	1	1	1	1	0	1	1	0	0	1	1	1	1	1	0	1	1
0	1	1	1	1	1	1	1	1	1	0	1	1	1	1	1	1	1	1	1	a3	1	1	1	1	1	1	1	1	1	0	1	1	1	1	1	1	0	1	1	1	0	1	1	1	1	1	0	1	1	1	1	1	1	1	0	1	1	1	1	0	1	1	1	1	1	1	1	1	1	1	1	1	1	1	1	0	1	1	1	1	1	0	1	1	1	1	1	1	1	0	1	1	1	1	1	1	1	1	1	1	1	1	1	1	0	0	1	1	1	1	1	1	1	1	1	1	1	1	a2	1	1	0	1	1	1	1	1	1	1	1	0	1	1	0	1	1	1	1	a2	1	1	1	0	0	1	1	0	0	1	1	1	1	0	1	0	1	1	1	1
0	1	1	1	1	1	1	1	0	1	0	1	1	1	0	1	1	1	1	1	a3	1	1	1	1	1	1	1	1	1	0	1	1	1	1	1	0	1	0	1	1	1	1	1	0	1	1	1	1	1	1	1	1	1	1	1	0	1	1	1	1	1	1	1	1	1	0	0	1	1	1	1	0	0	1	1	1	1	1	0	1	1	1	1	0	1	1	1	1	0	1	1	1	0	1	1	1	1	0	1	1	1	1	1	1	1	1	1	0	1	1	1	1	1	1	1	1	1	1	a2	1	1	1	1	1	1	1	1	1	0	0	1	1	1	1	1	0	1	0	a2	1	1	0	1	1	1	1	1	1	1	1	1	0	1	1	1	1	1	1	0
1	1	0	1	0	1	1	1	1	1	1	1	0	1	0	1	0	1	1	0	a3	1	1	1	0	1	1	1	0	1	1	0	1	1	1	1	1	1	1	1	1	1	1	0	1	0	1	1	1	0	1	1	1	1	0	1	1	1	1	1	0	1	1	1	1	1	1	1	1	1	0	1	1	1	1	1	1	1	1	0	1	1	0	1	1	1	0	1	1	1	1	1	1	0	1	1	1	1	1	1	1	1	0	1	1	1	1	1	1	1	1	1	1	1	0	1	1	1	1	a2	1	1	1	1	1	1	1	0	1	1	1	1	1	1	1	1	1	1	1	a2	1	1	1	1	0	1	1	1	1	1	1	1	1	1	0	1	1	1	0	1
0	1	0	0	0	1	1	1	1	1	1	1	1	0	1	1	1	0	0	1	a3	1	1	1	0	1	1	1	1	1	1	0	1	1	1	1	1	1	1	1	1	1	1	0	1	1	1	0	1	0	1	1	1	1	1	1	0	1	1	1	1	0	1	1	1	1	0	1	1	1	0	1	1	0	1	1	0	1	1	0	1	1	0	1	1	0	1	1	1	1	1	1	1	1	1	1	1	1	1	1	1	1	1	1	1	1	1	1	1	1	0	1	1	1	1	1	1	1	1	a2	1	1	1	1	0	0	1	1	0	1	1	1	1	0	1	1	1	1	1	a2	1	1	0	0	1	1	1	1	1	0	0	1	1	1	1	0	1	1	0	1
1	0	1	1	1	1	0	1	1	1	1	1	0	1	1	1	1	1	1	1	a3	0	0	1	1	1	0	1	1	1	1	0	1	1	0	1	1	1	1	1	1	1	1	1	1	1	1	1	1	1	1	1	1	0	1	1	1	1	1	0	1	1	1	1	0	1	1	1	1	0	0	1	0	0	1	1	1	1	1	1	1	0	0	1	1	1	1	1	1	1	0	1	0	1	1	1	1	1	1	1	0	1	1	1	0	1	1	1	1	1	0	0	1	1	1	1	1	1	0	a2	1	1	1	1	1	1	1	1	1	1	1	1	0	1	1	1	0	0	0	a2	1	0	0	1	1	1	1	1	1	1	1	1	1	1	1	1	1	1	1	1
1	1	1	1	1	0	1	0	0	0	0	1	0	0	0	1	0	1	1	1	a3	1	1	1	1	1	1	1	1	1	0	0	1	0	1	0	1	1	1	1	1	1	1	0	1	1	1	1	1	1	1	1	1	1	0	1	1	1	1	1	1	1	1	1	1	1	1	1	1	1	0	1	1	0	1	1	0	1	1	1	1	1	0	1	1	1	1	1	1	1	1	1	1	1	1	1	1	1	1	1	1	1	1	0	0	1	1	1	1	1	1	0	1	1	1	1	0	1	1	a2	0	1	0	1	0	1	0	0	0	1	1	1	1	1	1	1	1	1	1	a2	1	0	1	1	0	1	1	1	1	1	1	0	1	1	0	1	1	0	1	0
1	1	1	1	1	1	1	1	1	1	1	1	0	1	1	1	1	0	0	0	a3	1	1	1	1	1	1	1	1	1	1	1	1	1	1	1	1	1	1	1	1	1	0	0	1	1	1	1	1	1	1	0	1	1	1	1	1	1	1	0	1	0	1	1	1	1	1	1	1	1	1	1	0	1	1	1	1	0	1	0	1	1	1	1	1	1	1	0	1	1	1	0	1	1	1	1	0	1	1	1	1	1	1	1	1	0	1	1	1	1	1	1	1	1	1	1	0	0	0	a2	1	0	1	1	0	1	0	0	1	1	1	1	1	1	0	1	1	1	1	a2	1	1	1	1	1	0	1	1	1	1	0	1	1	1	1	1	1	1	1	0
