29, 93
144, 27
Hard to Traverse Center Point #0: (52, 45)
Hard to Traverse Center Point #1: (84, 67)
Hard to Traverse Center Point #2: (98, 20)
Hard to Traverse Center Point #3: (18, 110)
Hard to Traverse Center Point #4: (78, 32)
Hard to Traverse Center Point #5: (9, 85)
Hard to Traverse Center Point #6: (52, 78)
Hard to Traverse Center Point #7: (150, 77)
1	1	0	0	1	1	1	1	0	1	1	0	1	1	1	1	0	1	0	0	a3	1	1	0	a1	1	1	1	1	1	1	1	1	1	1	1	1	1	1	1	1	1	1	1	0	1	1	1	0	0	0	1	1	1	1	1	1	0	0	a4	1	0	0	1	0	0	1	0	1	1	1	1	1	0	1	0	1	0	1	1	1	1	1	1	1	1	1	1	0	0	1	1	1	1	1	1	1	1	1	1	1	1	1	1	0	1	0	0	0	1	0	1	1	1	1	0	0	1	1	1	1	1	1	1	1	1	1	1	1	1	1	1	1	1	0	0	0	1	1	1	1	0	1	1	1	0	1	0	0	1	1	1	1	0	1	1	0	1	0	1
0	1	1	0	1	1	1	1	1	0	1	1	1	1	0	1	1	1	1	0	a3	0	1	1	a1	1	1	0	1	1	1	1	0	1	1	1	1	1	1	1	1	1	1	1	1	1	1	1	0	1	1	1	1	1	1	1	0	0	0	a4	1	1	1	1	1	1	0	1	1	1	0	1	1	1	0	1	1	1	1	1	0	1	1	1	0	0	1	1	1	1	1	1	1	1	1	1	1	0	1	1	1	1	1	1	1	1	1	1	1	1	1	1	1	1	1	1	1	0	1	1	1	1	0	0	1	1	1	1	1	1	1	1	1	1	0	1	1	1	1	1	1	1	1	1	1	1	1	0	1	1	1	0	1	0	1	1	1	1	1	1
1	1	0	1	1	1	1	1	1	1	1	1	1	1	1	1	1	1	0	0	a3	1	1	1	a1	1	1	1	1	1	0	1	1	1	1	1	1	1	1	1	1	1	1	1	1	1	0	0	1	1	1	1	1	1	1	1	0	1	1	a4	1	1	1	1	1	1	1	0	1	1	1	1	1	1	1	1	1	1	1	1	1	1	1	1	1	0	1	1	1	1	0	0	1	0	1	1	1	1	1	1	0	1	1	1	1	1	1	1	1	1	1	1	1	1	1	0	0	1	1	1	1	0	1	1	1	1	1	1	1	1	0	0	1	1	1	1	1	1	1	1	1	1	0	1	1	1	1	0	1	0	1	1	0	1	0	1	0	0	1	0
1	1	0	1	1	0	1	1	1	1	1	1	1	0	0	1	1	1	1	1	a3	1	1	1	a1	1	0	1	1	1	1	1	1	0	1	0	1	1	1	1	1	1	1	1	1	1	0	1	1	1	1	1	1	1	1	1	1	1	0	a4	1	1	0	1	1	1	1	1	1	1	1	0	1	1	0	0	1	0	1	1	1	0	1	1	1	1	0	1	1	0	1	1	1	0	1	1	1	1	1	1	1	1	1	1	1	1	1	1	1	0	1	1	1	0	0	1	1	1	1	0	1	1	1	1	1	1	1	1	1	1	1	1	0	1	1	1	0	1	1	0	1	1	0	1	1	1	0	1	1	1	0	1	1	1	1	1	1	1	1	1
1	1	1	1	1	1	1	1	1	1	0	1	0	1	1	1	1	1	0	1	a3	1	1	0	a1	1	1	1	1	1	0	1	0	1	1	1	1	1	1	0	1	1	1	0	1	1	1	1	1	1	1	1	1	1	1	1	0	0	1	a4	1	1	1	1	1	1	1	1	1	0	1	1	1	0	1	1	1	1	1	1	1	1	1	1	1	1	1	1	0	1	1	1	0	1	0	1	1	1	1	1	1	1	1	1	0	1	0	0	1	0	1	1	1	0	0	0	1	1	1	0	0	1	1	1	1	0	1	1	1	1	1	1	1	1	1	1	1	1	1	1	1	1	1	1	0	1	0	1	1	1	1	1	1	1	1	1	0	1	1	1
1	1	1	1	0	1	1	0	1	0	1	0	1	1	1	0	0	0	1	0	a3	1	1	1	a1	0	1	1	0	1	1	1	1	1	1	1	1	1	0	1	1	1	1	1	1	1	1	1	0	1	1	1	0	1	1	1	1	1	0	a4	1	0	1	1	0	1	1	1	1	0	1	1	1	0	1	1	0	1	0	1	1	1	1	2	2	1	2	2	1	1	1	1	1	1	2	0	0	2	2	1	2	1	1	1	1	2	0	1	2	2	2	2	1	1	1	1	1	1	1	1	1	1	1	1	1	1	1	1	1	1	1	1	1	1	1	1	0	1	1	1	0	1	0	1	1	1	1	1	1	1	0	1	1	1	1	1	0	1	1	1
1	1	1	1	1	1	0	1	0	0	1	1	1	1	1	1	1	1	1	1	a3	1	0	1	a1	1	1	1	1	1	1	1	1	1	1	1	1	1	1	1	0	1	1	0	1	1	1	0	1	1	1	1	1	1	1	0	0	0	1	a4	1	1	1	1	0	1	1	1	1	1	1	1	1	1	1	1	1	1	1	1	1	0	1	2	2	2	2	1	2	1	1	1	1	0	2	2	0	2	0	1	2	2	1	0	1	0	2	1	1	0	1	2	1	0	1	1	1	1	1	1	1	1	1	1	1	1	1	1	1	1	0	1	1	1	1	1	1	1	0	1	0	1	1	1	1	1	1	1	1	1	0	1	0	1	1	0	1	1	1	1
1	1	1	1	1	1	0	1	1	1	1	1	1	1	0	1	0	1	0	1	a3	1	1	1	a1	1	1	0	1	1	1	0	1	0	1	1	1	1	0	0	1	1	1	1	1	1	1	1	1	0	1	1	1	1	1	1	1	1	1	a4	1	0	0	1	1	1	1	1	1	0	1	1	1	1	1	1	1	1	1	1	0	1	1	0	2	1	1	0	0	2	2	1	0	1	0	2	2	2	0	1	2	2	2	1	2	1	1	2	1	2	2	2	2	1	1	0	1	0	1	1	1	0	1	0	1	1	1	0	1	1	1	1	1	1	0	1	1	1	0	1	1	1	1	1	1	1	1	1	1	1	1	1	1	1	0	1	1	1	1	1
1	1	1	1	1	1	1	1	1	1	1	1	1	1	1	1	0	0	0	0	a3	0	1	0	a1	0	1	0	1	1	1	1	1	1	1	0	1	1	0	1	0	1	1	0	1	1	1	1	1	0	1	1	1	1	0	1	1	1	0	a4	1	0	1	1	1	1	1	1	0	1	1	1	1	1	0	1	1	1	1	1	1	1	1	1	2	0	2	2	2	0	2	1	1	2	2	1	2	2	0	1	2	0	1	2	2	2	1	1	2	2	0	0	1	1	1	1	1	1	1	1	1	1	1	1	1	0	1	1	1	1	1	1	1	0	1	1	1	1	1	1	0	1	1	1	1	1	1	1	1	0	0	1	1	1	0	1	1	1	1	1
1	0	1	0	1	1	0	1	1	1	1	1	0	1	0	1	1	1	1	0	a3	1	1	1	a1	1	1	1	1	1	0	0	0	1	1	0	1	1	1	0	1	1	1	1	1	1	1	1	1	1	0	1	1	0	1	0	1	1	1	a4	0	1	1	1	1	1	1	1	0	1	0	1	1	1	1	1	1	1	1	1	0	1	1	2	0	0	1	2	1	2	2	2	1	2	2	1	1	2	1	1	1	1	0	2	2	2	2	0	1	1	2	2	2	1	1	0	1	1	1	1	1	1	1	1	1	0	0	1	1	1	1	0	1	1	0	1	1	0	1	1	1	1	1	0	1	1	1	1	1	0	0	1	0	1	1	1	1	1	1	0
1	1	1	1	1	1	1	1	1	0	1	0	1	1	0	0	1	1	1	1	a3	1	1	1	a1	0	1	1	1	0	1	1	1	0	1	1	1	0	1	1	1	1	1	1	1	1	1	1	0	1	1	1	0	0	1	1	0	1	1	a4	1	1	1	1	0	1	1	1	1	1	0	0	1	1	1	0	1	1	1	0	1	0	1	1	1	1	1	1	2	2	1	1	2	1	2	1	2	2	1	2	1	1	2	2	0	1	1	2	2	1	1	1	1	1	1	1	1	1	1	1	0	1	1	1	1	1	1	1	0	1	1	1	0	0	1	1	1	1	1	1	1	1	0	1	1	1	1	1	1	1	1	0	1	1	1	1	1	1	0	1
1	1	1	1	1	1	1	1	1	0	1	1	1	1	1	1	1	1	0	1	a3	1	1	1	a1	0	1	1	0	1	1	1	1	0	0	1	1	1	1	1	1	1	0	1	1	1	1	1	0	1	1	1	1	0	0	1	1	1	1	a4	0	0	0	1	0	1	1	0	1	1	1	1	1	1	1	1	1	1	1	1	1	1	1	2	1	2	2	1	1	2	1	2	1	2	2	2	2	2	1	1	2	2	2	0	2	0	2	1	2	1	2	2	0	1	1	1	1	1	1	1	1	0	1	0	1	1	1	1	1	1	0	1	1	0	1	1	1	1	1	1	1	0	1	1	1	1	1	1	1	1	1	1	0	1	1	0	1	1	1	1
1	1	1	1	1	1	1	0	0	1	1	0	1	1	1	1	1	1	1	1	a3	1	1	1	a1	1	1	1	1	1	1	1	1	1	1	1	1	0	1	1	1	1	1	1	1	1	1	1	1	1	1	1	1	1	1	1	1	1	1	a4	1	1	1	0	1	1	1	1	1	1	1	1	0	0	1	1	1	1	1	1	0	0	1	2	1	1	2	2	1	1	1	2	2	2	1	2	1	1	2	1	1	2	1	1	1	1	2	1	1	2	1	1	2	1	1	1	1	1	1	1	1	1	1	1	1	1	1	1	0	1	0	1	1	1	1	1	1	1	1	1	1	1	0	1	1	1	1	1	1	1	1	1	1	1	1	1	1	0	1	1
a3	a3	a3	a3	a3	a3	a3	a3	a3	a3	a3	a3	a3	a3	a3	a3	a3	a3	a3	a3	a3	1	1	1	a1	1	1	1	0	0	1	0	1	0	1	1	0	1	1	1	1	1	1	1	1	1	1	1	1	0	0	1	1	1	1	1	1	1	0	a4	1	1	1	0	1	1	1	0	1	1	1	1	1	1	1	1	1	1	1	1	0	1	0	1	0	1	1	2	1	2	2	0	1	1	2	2	1	2	2	2	2	2	2	1	1	2	2	1	0	0	2	1	1	1	1	0	0	1	1	1	1	1	1	1	0	1	1	1	1	1	1	1	1	0	1	1	1	1	0	1	1	1	1	1	1	1	0	1	1	1	1	1	1	1	1	1	0	1	1	1
0	0	1	1	1	1	1	0	0	1	1	0	1	1	1	0	1	1	0	1	1	1	0	1	a1	1	0	1	1	1	1	1	1	1	1	1	1	1	1	1	0	1	1	1	1	0	1	0	1	1	1	0	1	1	1	1	1	1	1	a4	1	1	1	1	1	1	1	1	1	0	1	1	1	1	1	0	1	1	1	1	0	0	1	2	2	1	2	1	1	1	2	2	2	1	2	1	0	2	1	2	1	1	2	2	2	2	2	1	0	2	0	1	2	1	1	1	1	1	1	1	1	1	1	1	0	1	1	1	1	1	1	1	1	1	1	1	1	1	1	0	1	1	1	1	1	1	1	1	1	1	1	1	0	0	0	1	1	0	1	1
1	1	1	1	1	1	1	1	1	0	1	1	1	1	0	1	0	1	1	1	0	1	0	1	a1	1	1	1	1	1	1	1	1	1	1	0	1	1	0	1	1	1	0	1	1	1	1	1	1	1	0	0	0	0	1	1	0	0	1	a4	1	1	1	1	1	1	1	0	0	1	0	1	1	0	0	1	1	1	0	1	1	1	1	0	0	2	2	2	0	1	0	2	1	0	2	2	0	0	1	2	2	0	2	1	1	0	2	0	1	2	2	1	0	1	0	1	0	1	1	1	0	1	1	1	1	1	1	1	1	1	1	1	1	1	1	1	1	0	1	0	1	0	1	1	1	1	1	1	1	1	0	1	1	1	1	1	1	1	1	0
1	1	1	1	1	1	1	0	1	1	1	1	1	1	0	1	0	1	1	0	1	0	0	1	a1	1	1	1	1	1	0	1	1	1	1	1	0	0	1	1	1	1	0	1	1	1	1	0	1	1	0	1	1	1	1	1	1	1	1	a4	1	1	0	1	1	1	1	1	1	0	1	1	1	0	1	0	0	1	1	1	1	1	1	2	1	2	0	2	0	2	1	1	1	0	1	1	2	2	2	1	1	2	1	1	2	1	2	0	1	1	0	0	2	1	1	1	1	1	0	1	0	1	1	1	1	1	1	1	1	0	1	1	1	1	1	1	1	0	1	1	1	1	1	1	1	1	0	0	1	1	1	1	1	1	1	1	1	0	1	1
1	1	1	1	0	1	1	1	1	1	1	1	0	1	0	1	1	1	1	1	1	0	1	0	a1	1	1	1	1	1	1	1	1	1	1	1	1	1	1	1	1	1	1	1	0	1	1	1	1	0	1	1	1	1	1	0	1	1	1	a4	1	1	1	1	1	1	1	2	1	2	1	1	1	1	2	0	2	1	2	1	2	2	1	1	2	1	2	0	2	2	2	2	1	1	2	2	2	2	1	1	2	1	2	2	0	2	0	2	2	2	1	2	1	1	1	1	1	1	1	1	1	1	0	1	1	1	1	1	1	0	1	1	0	0	1	1	1	1	1	1	1	0	1	1	1	0	1	0	1	1	1	0	1	1	1	1	1	1	1	1
1	0	1	1	1	1	1	1	1	1	1	1	1	0	1	1	1	1	0	0	1	1	0	1	a1	1	1	1	1	0	1	0	1	0	1	1	0	1	1	1	1	1	0	0	1	1	1	1	1	1	0	1	1	1	1	1	1	1	1	a4	1	1	1	2	1	2	2	0	1	1	1	2	2	1	1	0	1	2	2	2	1	2	1	1	0	2	2	2	2	0	2	2	1	2	1	0	1	2	2	1	1	0	2	2	2	2	2	1	1	0	0	0	2	1	0	1	1	1	0	1	1	0	1	1	1	0	1	0	1	1	1	0	1	1	0	1	1	1	0	0	1	1	1	1	0	1	1	1	1	0	1	1	0	1	1	1	1	1	1	1
1	0	1	1	1	1	1	1	1	1	1	1	1	1	1	1	1	1	0	1	1	1	1	0	a1	1	1	1	1	1	1	1	1	1	1	1	1	1	1	0	0	1	1	1	1	1	1	1	1	1	1	1	1	0	1	1	1	1	1	a4	1	0	1	1	2	0	2	1	2	1	0	2	1	1	0	0	0	1	2	1	0	1	0	2	1	2	2	2	1	2	0	0	2	1	1	2	2	2	1	1	2	1	0	0	2	2	1	1	2	2	1	2	0	1	0	1	1	1	1	0	1	0	1	1	1	1	1	1	1	1	1	1	1	1	1	1	0	1	1	0	1	1	0	0	1	0	1	0	1	0	1	1	1	1	1	1	1	0	1	1
1	1	1	1	1	1	1	1	1	1	0	1	1	1	1	1	1	1	0	0	1	1	1	1	a1	1	1	1	1	1	1	1	1	1	1	1	1	0	0	1	1	1	1	1	0	1	0	1	1	1	0	1	0	1	1	1	1	1	0	a4	1	1	0	2	1	2	2	1	1	2	1	1	0	2	1	2	1	1	1	2	1	2	0	1	2	2	1	1	0	2	2	1	2	1	1	2	1	1	2	2	2	0	2	0	0	2	1	2	1	1	1	1	2	1	1	1	0	0	0	1	0	1	1	0	0	1	1	1	1	1	0	1	1	0	1	1	1	1	1	0	1	1	1	1	0	0	1	1	1	1	0	1	1	1	0	0	0	1	1	1
1	1	1	0	1	1	1	1	0	1	0	1	0	0	1	1	1	1	1	1	1	1	0	1	a1	1	0	1	1	1	1	1	0	1	1	1	1	1	1	1	1	1	1	1	1	1	1	1	1	1	1	1	1	0	1	0	1	1	1	a4	1	0	0	1	1	1	2	0	2	2	2	1	1	0	2	2	0	1	2	1	1	0	1	2	2	2	2	0	0	1	1	2	0	2	0	2	2	2	2	1	1	1	2	2	2	2	2	1	2	2	1	1	0	0	1	1	1	0	1	1	1	1	1	0	1	1	1	1	0	0	1	1	1	1	1	1	1	1	0	1	1	1	1	1	1	1	0	0	1	0	1	1	1	1	1	1	1	1	1	1
1	1	1	1	1	1	1	1	1	1	0	1	0	1	1	1	1	1	0	0	1	1	1	1	a1	1	1	1	1	1	1	1	1	1	1	1	1	1	1	1	0	1	1	1	1	1	1	1	0	1	1	0	0	0	0	1	1	1	1	a4	a4	a4	a4	b4	b4	b4	b4	a4	a4	a4	b4	b4	b4	b4	b4	a4	b4	a4	b4	a4	a4	b4	b4	b4	a4	b4	a4	b4	b4	b4	b4	a4	b4	b4	b4	a4	a4	b4	b4	a4	b4	b4	a4	a4	a4	a4	a4	b4	b4	a4	b4	a4	a4	a4	a4	a4	a4	a4	a4	a4	a4	a4	a4	a4	a4	a4	a4	a4	a4	a4	a4	a4	a4	a4	a4	a4	a4	a4	a4	a4	a4	a4	a4	a4	a4	a4	a4	a4	a4	a4	a4	a4	a4	a4	a4	a4	a4	a4	a4	a4
1	1	1	1	1	1	0	0	1	1	1	1	1	1	1	1	1	1	1	1	1	1	1	1	a1	1	1	0	1	1	0	1	1	1	1	1	1	1	1	0	1	1	1	0	1	0	1	1	1	1	1	0	1	1	1	1	1	1	0	1	1	1	1	2	0	1	1	1	1	2	2	1	2	2	2	0	0	1	2	2	1	1	1	2	1	2	2	2	2	1	2	1	1	2	0	2	1	1	0	2	1	0	2	1	1	2	2	2	1	0	1	1	1	0	0	0	0	0	1	0	0	0	1	1	0	1	1	1	0	1	1	1	1	1	1	0	1	1	1	1	1	1	1	0	1	0	0	0	0	1	1	0	1	1	1	0	1	1	0	0
0	1	0	1	1	1	1	1	0	1	1	1	0	1	1	1	1	0	1	1	1	1	1	0	a1	0	1	1	1	1	1	1	1	1	1	1	1	1	1	0	1	1	1	1	1	1	0	1	1	1	1	0	1	1	1	1	1	0	1	1	0	1	0	1	0	2	0	2	1	0	1	0	2	2	2	0	0	2	0	2	2	2	1	2	2	2	2	2	2	2	2	2	2	0	1	1	1	1	1	2	0	1	0	1	1	1	2	1	2	0	1	1	0	1	1	0	1	1	1	1	0	1	1	1	1	1	1	1	1	1	0	1	0	1	1	0	1	1	0	0	0	1	1	1	1	1	0	1	1	1	0	0	1	1	1	1	1	1	1	1
1	1	0	1	1	0	1	1	1	1	0	1	0	1	1	1	0	1	0	1	1	1	1	1	a1	1	0	1	1	1	1	1	1	1	1	0	0	1	1	0	0	1	1	0	1	1	0	1	1	1	1	1	1	1	1	1	0	1	1	1	1	0	1	2	1	2	1	1	1	1	2	2	1	2	2	1	1	2	1	2	0	2	2	0	2	2	2	1	2	2	2	0	1	2	2	2	1	1	2	1	1	1	1	0	1	0	1	2	2	2	2	1	2	1	1	1	0	1	1	0	1	1	1	1	1	1	1	1	1	1	1	1	1	0	1	1	1	0	1	1	1	0	1	1	1	1	1	1	1	1	1	1	1	1	1	1	1	1	1	1
1	1	1	1	1	1	1	0	1	1	1	1	1	0	0	1	1	1	1	1	1	1	1	1	a1	1	1	1	1	0	1	1	1	1	1	1	1	1	1	1	1	1	1	0	1	1	1	1	0	1	1	1	1	1	1	1	1	0	1	1	1	0	1	1	2	0	0	1	2	1	1	2	2	1	0	2	1	2	1	0	2	2	0	2	1	1	2	1	2	1	0	0	2	0	2	2	2	1	2	0	1	1	0	2	2	2	2	0	1	1	2	2	2	1	1	0	0	1	1	1	1	0	1	1	1	1	0	1	1	1	1	0	1	1	1	1	0	0	1	1	0	0	1	1	1	1	1	1	1	1	0	0	1	1	1	0	0	1	1	1
1	1	0	1	1	1	1	1	0	1	1	1	1	1	0	1	1	1	1	0	1	1	1	1	a1	1	0	1	1	0	0	1	1	1	1	1	1	1	1	1	1	1	1	1	1	0	1	1	1	1	1	1	1	1	1	1	1	1	0	1	1	0	1	0	0	2	0	2	1	2	2	2	1	2	2	0	2	2	1	1	2	1	2	2	2	2	1	0	2	2	2	2	2	1	2	2	1	1	1	0	0	2	1	2	2	1	1	0	2	1	1	0	2	1	1	0	1	1	0	0	1	1	1	1	1	1	1	1	1	1	1	1	0	1	0	0	1	1	1	0	1	1	1	0	g	1	1	1	1	1	1	1	1	0	1	1	1	0	1	1
1	1	1	0	1	1	1	1	1	1	1	1	1	1	1	0	1	0	1	0	1	1	0	1	a1	1	1	1	1	0	1	1	0	1	1	0	1	1	1	1	0	1	1	0	1	0	1	1	1	1	1	1	1	1	1	1	1	1	1	1	0	1	1	1	2	0	2	1	2	0	1	1	1	2	2	2	1	1	2	1	1	2	1	1	2	2	2	2	2	1	2	1	2	1	1	1	2	1	2	2	2	1	2	2	1	0	1	2	1	2	1	2	1	0	1	0	0	1	1	1	1	1	0	1	1	1	0	1	1	1	0	0	1	1	1	1	1	0	0	1	1	1	1	1	1	1	0	1	1	1	1	1	1	1	0	1	1	1	1	1
1	0	1	1	0	1	1	1	1	1	0	1	1	1	1	1	1	1	1	1	0	1	1	0	a1	1	1	1	1	1	1	1	1	1	0	1	1	1	1	1	1	0	0	1	1	1	0	1	0	0	1	0	1	1	1	1	1	1	1	1	0	1	1	2	1	1	1	1	2	1	2	2	0	1	2	1	1	0	0	1	0	2	2	0	2	2	2	1	2	2	1	2	2	1	0	1	1	1	1	0	1	2	0	2	2	1	1	2	2	1	0	1	1	1	1	1	1	1	1	0	1	1	1	1	1	1	1	0	1	1	1	1	1	1	1	1	1	1	1	1	1	1	0	1	1	0	1	0	0	1	1	1	1	1	1	0	1	1	1	1
1	0	1	1	1	1	1	1	1	1	1	1	1	1	0	1	1	0	1	1	1	1	1	1	a1	1	1	1	0	1	1	1	1	0	1	1	1	1	2	2	2	2	2	1	0	1	0	1	2	0	2	1	0	1	1	2	1	2	2	2	2	2	1	1	2	2	2	2	1	0	2	2	2	1	1	1	2	1	1	0	1	1	2	2	2	1	1	2	2	2	2	0	1	2	1	2	1	1	0	2	1	0	2	2	1	2	2	1	2	0	2	2	0	1	1	1	1	1	1	1	1	1	1	1	1	0	1	1	1	1	1	1	1	1	1	1	1	1	1	1	1	1	0	1	1	1	1	1	1	1	1	0	0	1	1	1	1	1	1	0
1	1	1	1	0	1	1	0	1	1	1	1	0	1	1	0	0	1	1	0	1	0	1	1	a1	1	0	0	0	1	0	1	1	1	1	1	1	2	2	1	1	1	2	1	1	2	1	2	2	1	2	1	1	1	2	1	1	1	0	2	2	0	1	2	0	2	2	2	2	1	2	0	2	0	1	1	2	1	1	2	1	0	2	1	2	2	1	2	0	2	2	0	2	2	1	1	0	1	2	1	0	0	1	0	2	0	1	1	1	1	0	0	1	1	1	1	1	1	1	1	1	1	1	0	1	1	1	0	0	1	1	1	0	1	1	1	1	0	1	1	1	1	1	0	1	1	1	1	0	1	1	1	0	1	1	1	0	1	1	1
1	1	1	1	1	1	1	1	1	1	1	1	0	1	1	1	1	1	0	1	1	1	1	1	a1	1	0	1	1	1	1	1	1	1	0	1	1	1	2	1	2	2	2	2	1	1	1	2	1	2	0	2	2	2	1	1	2	2	1	2	1	1	1	2	0	1	2	1	1	1	2	0	1	2	1	1	2	1	2	1	1	1	2	2	1	2	2	0	2	2	1	1	1	1	2	2	1	1	1	1	1	1	0	2	1	2	1	1	1	1	1	2	1	0	1	1	0	1	1	1	1	1	1	1	1	0	1	1	1	0	0	1	1	1	1	1	1	1	1	1	1	1	1	1	1	1	1	1	1	1	1	1	0	1	0	1	0	1	1	1
0	1	1	1	1	1	0	1	1	1	1	1	0	1	1	1	1	1	1	1	1	1	1	1	a1	1	0	1	1	0	1	1	0	1	1	1	1	1	2	2	1	2	2	2	0	2	2	1	0	2	2	2	2	1	1	2	2	1	2	2	0	1	1	1	2	2	2	1	2	0	2	2	0	0	1	0	2	0	0	2	0	2	0	2	2	0	2	0	0	2	2	1	0	1	2	0	1	2	1	0	2	2	1	1	0	0	2	2	2	1	2	1	1	1	0	1	1	1	1	1	1	1	1	1	1	1	1	0	1	1	1	1	1	1	1	1	1	1	1	1	1	1	1	1	1	1	1	1	1	1	1	1	0	1	1	1	1	0	1	0
0	1	1	0	0	1	0	1	1	1	1	1	0	1	1	0	1	1	1	1	0	0	1	1	a1	1	1	1	1	1	1	1	1	1	1	1	1	2	2	0	2	2	0	2	1	0	2	1	1	1	1	0	1	0	0	1	1	0	0	1	1	2	2	2	2	1	2	2	0	2	0	2	0	1	1	2	2	1	1	1	0	0	0	1	0	2	2	2	2	2	2	2	1	1	2	1	2	1	1	1	0	1	1	1	2	2	1	0	2	0	1	0	0	1	1	1	1	1	1	1	1	1	1	1	0	1	1	0	1	1	1	1	1	1	0	1	1	1	1	1	1	1	1	1	1	1	1	1	1	1	1	1	1	0	1	1	1	1	1	0
1	1	1	1	1	1	1	1	1	1	1	1	1	1	1	1	1	1	1	1	1	0	0	1	a1	1	1	0	1	1	1	1	1	1	1	1	1	0	1	2	0	1	1	2	1	1	1	1	2	1	1	1	2	0	2	1	0	2	1	2	2	2	2	0	2	2	2	1	1	0	1	0	2	1	0	0	1	2	2	0	1	2	2	1	2	1	1	1	2	1	2	2	2	1	1	1	1	0	0	1	1	1	0	1	0	0	1	1	1	1	1	1	0	1	1	1	1	1	1	1	1	1	1	0	1	1	1	1	1	1	1	1	1	1	1	1	1	1	0	1	1	1	0	1	1	0	1	1	1	0	1	1	0	1	1	1	1	1	1	1
1	1	1	1	1	1	1	1	1	1	1	1	1	1	1	1	0	1	1	1	0	1	1	1	a1	1	1	0	1	1	1	0	1	1	1	1	0	1	2	2	2	2	1	1	1	2	2	1	2	2	2	0	0	2	2	2	2	1	1	1	1	2	1	1	2	2	1	2	1	2	0	2	1	1	0	0	1	1	2	1	1	2	2	0	0	1	2	2	1	2	2	2	1	1	1	1	1	1	1	1	1	1	1	1	1	0	1	1	1	1	1	0	1	1	1	1	0	1	1	0	1	1	1	0	1	1	1	0	1	0	1	1	1	1	1	1	1	1	1	1	1	0	1	0	1	1	1	0	1	1	1	1	0	1	1	1	1	1	1	1
1	0	1	0	0	1	1	1	1	1	1	1	1	1	0	1	1	1	1	1	0	1	0	0	a1	1	0	1	1	1	1	1	1	1	1	1	1	2	0	1	0	1	1	1	2	1	2	0	0	1	1	1	1	0	2	2	1	2	0	2	1	1	1	2	0	1	2	1	1	1	2	0	1	1	0	1	2	1	0	2	1	1	2	2	2	1	2	1	1	1	1	0	2	1	1	0	1	0	1	1	1	1	0	1	1	1	0	1	0	1	1	1	1	1	1	1	1	1	0	1	1	1	1	1	1	1	1	1	1	1	0	1	1	1	1	1	1	1	1	1	1	1	1	0	1	1	1	1	1	1	1	1	1	1	1	1	1	1	1	1
1	1	0	1	0	1	0	1	1	1	1	1	1	1	1	0	1	1	1	1	1	1	1	1	a1	1	1	1	1	0	1	0	1	1	1	1	1	1	2	2	2	2	2	2	1	1	2	2	1	1	1	0	2	1	0	0	1	2	0	1	2	2	2	2	2	2	2	2	1	2	0	1	0	1	2	1	2	0	1	1	2	0	1	0	1	1	1	1	2	2	1	1	1	1	1	1	1	1	0	1	1	1	1	1	0	1	1	0	1	0	0	1	1	1	1	1	1	1	0	0	1	1	1	1	0	0	1	1	1	1	1	0	1	1	1	1	1	1	0	1	1	1	1	1	1	1	1	0	1	0	1	1	1	1	1	1	0	0	1	1
1	0	1	1	1	1	1	0	1	1	1	1	1	1	1	1	0	0	0	1	1	1	1	1	a1	1	1	1	1	1	1	1	1	0	0	1	0	2	1	2	2	1	2	2	1	2	2	1	2	1	0	2	1	1	1	0	1	1	1	1	2	1	1	2	2	1	2	1	1	0	2	2	2	1	1	2	2	1	2	2	1	2	0	0	2	0	2	0	1	2	0	2	0	1	1	1	1	1	1	1	0	1	1	1	1	1	1	1	1	0	1	1	1	1	1	0	1	1	0	1	1	1	1	0	1	1	1	0	1	1	1	1	1	1	1	1	0	1	1	1	0	1	1	0	1	1	0	1	1	1	1	1	0	1	0	0	1	1	1	0
a1	a1	a1	a1	a1	a1	a1	a1	a1	a1	a1	a1	a1	a1	a1	a1	a1	a1	a1	a1	a1	a1	a1	a1	a1	1	1	0	1	1	1	1	1	1	1	1	1	0	1	1	2	0	2	1	0	1	2	2	1	2	0	1	0	1	1	0	1	2	2	2	2	0	2	2	2	0	2	0	2	1	2	1	1	1	1	1	1	0	2	1	1	1	0	1	1	1	1	2	1	2	2	2	1	1	1	1	1	1	1	1	1	1	1	0	0	1	1	1	1	1	1	1	0	0	0	1	1	1	1	1	1	1	1	1	1	1	0	0	1	1	1	0	1	1	1	1	1	1	1	1	1	1	1	1	1	1	1	1	1	1	1	0	1	0	0	0	1	1	1	1
0	1	1	1	0	1	1	1	0	1	1	0	1	0	1	1	1	1	1	1	1	1	0	1	1	0	1	1	1	1	1	0	1	1	1	1	1	1	0	2	0	1	2	1	0	0	2	1	0	1	2	1	2	1	2	1	0	0	1	1	2	1	2	2	2	0	1	2	0	2	0	2	2	1	1	2	2	2	0	1	0	1	2	2	2	0	1	2	1	2	2	2	2	0	1	0	0	1	0	1	1	1	1	1	1	0	1	0	1	1	1	1	1	1	1	1	1	1	1	1	0	0	1	1	1	1	1	1	1	1	1	1	0	0	1	1	1	1	1	1	1	1	0	1	1	1	1	0	1	1	1	1	1	1	1	0	1	1	1	1
0	1	1	1	1	1	1	1	1	1	1	1	1	1	1	0	1	1	1	1	0	1	0	1	1	1	1	1	1	1	1	1	1	1	1	0	1	0	1	2	1	0	0	1	1	0	2	1	1	2	2	2	1	1	2	2	2	2	2	0	2	1	2	1	2	2	0	1	1	2	2	1	2	2	1	2	1	2	0	2	2	2	1	1	2	2	1	0	1	2	2	1	1	0	1	1	1	1	1	0	1	1	1	1	1	1	1	1	1	1	0	1	1	1	1	0	1	1	1	0	1	1	1	1	1	1	1	1	0	1	1	1	1	1	0	1	1	1	1	0	1	1	1	1	1	0	1	1	1	1	1	1	1	1	1	1	1	1	1	0
1	1	1	0	1	0	0	1	1	1	1	0	1	1	1	1	1	1	1	1	1	0	1	1	1	1	1	0	1	1	1	1	1	1	1	1	1	2	2	2	2	0	1	1	2	0	0	2	2	2	1	1	1	0	0	1	0	1	2	0	2	0	1	2	0	2	2	0	1	2	2	2	2	2	1	1	1	1	2	2	1	2	0	2	1	1	0	2	1	2	0	1	1	1	1	0	1	1	1	0	1	1	1	1	1	1	0	1	1	1	1	1	1	1	0	1	1	0	1	1	1	1	1	1	1	1	1	1	1	1	1	0	1	1	0	1	1	1	1	1	1	0	1	0	1	1	0	1	1	0	1	1	1	0	1	1	1	1	0	1
1	0	1	1	1	1	0	1	1	1	1	1	0	1	1	1	1	1	1	0	1	1	1	1	1	1	1	0	0	1	1	0	1	1	1	1	1	2	2	0	1	1	2	1	2	1	2	1	1	2	1	0	1	2	1	0	1	1	0	0	1	1	1	2	2	1	2	0	1	0	2	1	1	1	0	1	2	1	2	2	1	2	0	0	0	0	2	0	1	1	0	1	1	0	0	1	1	1	1	1	1	1	1	1	1	1	1	1	1	1	1	1	1	1	0	1	0	1	1	0	1	1	1	1	1	0	1	1	1	1	1	1	1	1	1	1	1	1	1	1	1	1	1	1	1	0	1	1	1	1	1	1	1	1	1	1	0	1	1	1
1	1	0	1	0	0	1	1	1	0	1	0	1	1	1	1	1	1	1	1	1	0	1	1	1	1	1	1	1	1	0	1	1	0	1	1	1	2	1	0	1	1	2	1	1	2	2	0	2	2	1	1	2	0	0	0	1	2	2	1	2	2	2	2	0	2	2	0	1	1	0	1	1	0	1	1	1	1	1	2	1	1	2	1	1	0	1	1	0	1	2	2	1	0	1	1	0	1	1	1	0	1	1	1	1	1	1	1	0	1	1	1	1	1	0	0	1	0	1	1	0	1	1	1	1	1	1	1	1	1	1	1	1	1	1	1	1	1	0	1	1	1	0	1	1	1	1	1	1	0	1	1	1	1	0	1	1	1	1	1
1	1	1	1	1	1	1	1	1	0	1	1	0	1	0	1	1	1	1	1	0	1	1	0	1	1	1	0	1	1	0	0	0	0	0	1	0	1	2	2	2	2	2	0	1	2	0	0	2	2	0	2	1	2	1	2	1	2	0	1	0	2	2	2	2	2	0	2	2	2	1	1	2	2	0	2	1	1	1	0	2	1	1	1	1	1	1	2	2	1	2	2	0	0	1	1	1	1	0	1	1	1	1	1	0	1	1	1	1	1	0	1	0	1	1	1	0	0	1	1	1	1	1	1	1	1	0	0	0	1	0	1	1	1	1	1	1	1	1	1	1	1	1	1	1	1	1	0	1	0	1	1	1	1	1	1	1	0	1	0
1	0	0	1	0	1	0	1	1	1	1	1	1	1	1	1	1	1	1	1	1	1	1	1	0	1	0	1	1	1	1	1	1	1	1	1	1	1	1	1	2	1	2	0	2	0	2	2	2	0	2	1	2	2	1	1	1	0	2	0	1	2	2	0	0	2	2	1	1	1	1	1	0	1	1	1	1	1	1	1	1	1	1	1	1	1	1	1	1	1	1	1	0	0	0	1	1	1	0	1	1	1	1	1	1	0	1	1	1	0	1	1	1	0	1	0	1	1	0	1	1	1	1	1	1	1	1	1	0	1	1	1	1	0	0	1	1	1	1	1	1	1	1	0	1	1	0	1	1	1	1	0	1	1	0	1	1	1	1	1
1	1	1	1	1	1	0	1	0	1	1	1	1	1	1	1	1	1	1	1	0	0	1	1	1	1	0	1	1	1	1	1	1	1	1	1	1	1	2	1	1	1	1	2	2	1	1	2	2	0	2	1	2	1	2	1	1	2	1	1	2	1	1	2	1	1	2	1	1	0	1	1	1	1	0	1	1	1	1	1	1	1	1	1	1	1	1	1	1	1	1	1	1	1	1	1	1	1	1	1	1	1	1	1	1	0	1	1	1	1	1	1	1	1	1	0	1	0	1	0	1	1	1	1	1	1	1	1	1	1	1	1	1	1	1	1	0	1	1	1	1	1	0	1	1	1	1	0	1	1	1	1	1	0	1	1	1	1	0	0
1	1	1	1	1	1	0	1	1	1	1	1	1	1	1	1	0	1	1	0	1	1	1	1	1	0	1	1	1	0	1	0	1	0	0	1	1	1	1	1	1	0	0	1	2	1	2	2	2	0	2	1	1	2	1	2	2	1	1	2	2	2	1	0	1	2	1	0	0	0	1	1	1	1	1	1	1	1	0	1	0	0	0	1	1	1	1	1	1	1	1	1	1	0	1	1	1	0	1	1	1	1	1	0	1	1	1	1	0	1	1	1	1	1	0	1	1	1	1	1	1	1	1	1	0	1	1	1	1	1	1	1	1	1	1	1	1	1	1	0	1	1	1	1	1	1	1	1	1	1	0	0	1	0	1	1	1	1	0	1
1	1	1	1	1	1	1	0	0	1	0	1	1	1	1	1	1	1	1	1	1	0	0	1	1	1	1	0	0	1	1	1	1	0	0	1	1	2	2	1	2	2	1	0	2	1	0	2	0	1	1	0	2	1	0	2	1	1	2	1	1	1	1	2	2	2	1	1	1	0	1	1	1	1	1	1	1	0	1	0	1	0	1	1	0	1	0	1	1	0	0	1	1	1	1	1	0	1	0	1	1	1	1	1	1	1	1	1	1	1	0	1	1	1	0	1	1	1	0	1	1	1	1	1	1	0	1	1	0	1	1	1	1	1	0	1	1	1	1	1	1	0	0	1	1	1	1	1	1	1	0	1	1	1	1	1	1	1	1	1
1	1	1	1	1	1	0	0	1	1	1	1	0	1	0	1	1	1	1	1	1	1	1	1	1	0	1	0	1	0	1	0	0	0	1	1	1	1	2	0	0	0	1	1	2	1	0	1	2	2	1	0	1	1	2	1	1	1	2	1	1	1	2	1	2	2	1	0	0	1	0	1	1	0	1	1	1	1	0	1	1	1	1	0	1	0	0	1	1	0	1	0	1	0	0	1	1	1	1	1	1	1	1	1	1	1	1	1	1	1	0	1	1	0	1	1	1	0	1	0	0	1	1	0	1	1	0	1	1	1	1	0	1	1	1	1	0	1	0	1	1	1	1	1	0	1	1	0	1	1	1	1	1	1	1	1	0	1	1	1
1	1	1	1	1	1	1	1	0	1	0	1	1	1	0	1	1	1	1	1	1	1	1	1	1	1	1	0	1	1	0	1	1	0	0	1	1	1	1	1	1	1	1	1	2	1	2	1	2	2	2	2	1	2	2	1	2	0	1	2	2	1	0	2	1	0	2	1	1	1	1	2	1	0	1	0	2	2	2	1	0	2	2	0	1	2	0	2	2	2	0	0	1	0	2	2	2	1	2	0	1	1	0	0	1	1	1	0	0	1	1	1	1	1	1	1	1	1	1	1	1	1	1	1	1	1	1	1	0	1	1	1	1	1	1	1	1	1	1	1	1	1	1	1	1	1	1	1	1	1	1	1	1	1	1	1	1	1	1	0
1	1	1	1	0	1	0	1	1	1	1	1	1	1	1	1	1	0	1	1	1	0	1	1	1	1	1	1	0	1	1	1	1	1	1	0	0	2	0	2	1	1	0	1	1	1	2	0	0	2	1	2	0	2	1	1	1	1	0	2	1	1	0	1	1	1	1	1	1	1	1	0	1	1	1	1	1	0	1	2	1	1	2	1	2	0	2	2	2	1	2	1	1	2	1	1	2	0	2	1	1	1	1	1	1	0	1	1	1	1	1	0	1	1	1	0	1	0	1	1	0	1	0	1	1	1	0	1	1	0	1	1	1	1	1	1	1	1	1	1	1	1	0	1	1	1	1	0	1	1	1	1	1	1	1	1	1	1	0	1
0	1	1	1	1	1	1	1	1	1	0	0	1	0	0	1	1	1	1	1	1	1	1	0	1	1	1	0	1	1	0	1	1	1	1	1	0	1	2	1	0	2	1	2	2	1	2	1	2	2	2	2	2	0	2	1	0	1	1	1	2	2	2	1	2	2	1	1	1	2	2	2	2	2	2	2	2	1	1	1	0	0	2	1	1	0	0	2	1	1	1	2	0	1	0	0	1	1	1	1	1	1	1	0	1	1	1	1	0	1	1	1	1	1	1	1	1	1	1	0	1	1	1	1	0	1	0	1	1	1	1	1	1	1	1	0	0	1	1	1	1	0	1	1	1	1	1	1	1	1	1	0	0	1	1	1	1	0	1	1
1	1	0	1	0	1	0	1	1	1	1	1	1	1	1	1	1	1	1	1	1	1	1	1	1	1	0	0	1	1	1	0	0	1	1	1	0	1	2	1	1	2	1	1	2	1	1	0	2	1	2	2	2	1	1	0	1	1	1	1	1	1	2	2	2	1	2	1	1	1	1	1	2	1	0	2	0	1	2	1	1	1	0	1	1	1	0	0	0	0	2	2	1	1	1	2	1	1	1	0	1	0	0	1	1	1	1	1	1	1	1	1	1	1	1	1	1	1	1	1	1	1	1	1	1	1	1	1	1	1	1	1	0	1	0	1	1	1	1	1	1	1	1	1	1	0	0	1	1	0	1	1	1	1	1	1	1	1	1	1
1	1	1	1	1	1	0	1	1	1	1	1	0	1	1	1	0	1	1	1	1	1	1	1	1	1	1	0	1	1	1	0	1	1	1	1	1	0	1	2	2	2	1	2	2	0	2	1	1	2	2	1	2	1	2	1	2	0	1	1	1	0	2	1	1	2	2	1	1	1	2	2	1	2	2	2	1	2	1	0	1	1	2	2	1	1	1	1	0	2	0	0	0	2	2	0	2	0	1	1	0	0	1	1	0	1	1	1	0	1	1	1	1	1	1	1	1	0	0	0	1	1	1	1	1	1	1	1	1	1	1	1	1	0	0	1	1	1	0	1	1	0	1	1	1	1	1	1	0	1	0	1	1	1	1	1	1	1	1	1
1	1	1	1	0	1	1	1	1	1	1	1	1	1	1	1	1	1	1	1	1	1	1	1	1	1	1	1	0	0	1	1	1	0	1	0	1	0	2	1	2	1	2	2	1	1	0	0	2	1	2	0	2	1	1	2	1	1	2	2	1	2	1	1	0	2	2	1	1	0	2	2	1	0	0	2	1	2	2	0	0	2	1	2	2	0	0	1	1	1	2	0	2	2	1	2	1	2	2	1	1	1	1	1	0	0	1	0	1	1	1	1	1	1	1	0	0	0	1	1	1	1	1	0	1	1	1	1	1	0	1	1	1	1	1	1	1	1	1	0	1	1	1	0	1	1	1	1	1	1	1	1	0	1	0	1	1	1	0	1
1	1	0	1	1	1	1	1	1	1	1	1	1	0	1	1	1	1	1	1	1	1	1	1	1	1	1	1	1	1	1	1	1	1	1	1	1	0	1	2	2	1	0	1	0	1	0	0	2	2	0	1	2	1	1	1	1	0	2	1	2	2	2	1	1	2	2	0	0	2	0	2	1	2	1	0	1	1	2	1	1	0	2	1	1	1	1	2	1	2	2	1	2	2	2	1	0	2	2	1	1	1	1	1	1	1	1	1	1	1	1	1	0	1	1	1	1	1	0	1	1	1	1	1	1	1	1	1	1	1	1	1	1	1	1	1	0	1	1	1	1	1	1	1	1	1	1	1	1	0	1	1	1	1	0	1	1	0	1	1
1	0	1	0	1	1	1	1	1	1	0	1	1	0	1	1	1	0	0	1	1	1	0	1	1	1	1	1	1	1	1	1	1	1	1	0	1	2	2	2	2	0	1	2	2	0	2	2	2	2	1	1	2	2	2	2	2	2	1	0	2	1	2	0	2	2	2	1	0	1	2	2	2	0	0	2	2	1	2	2	0	2	1	0	1	2	0	2	2	1	1	1	1	0	1	1	1	1	2	1	1	1	1	1	1	1	0	1	1	1	1	1	1	1	1	1	1	1	1	1	1	1	0	0	0	1	1	1	1	1	1	1	1	1	1	1	1	1	1	1	1	1	1	1	1	1	1	1	1	1	0	1	1	1	0	0	0	1	1	1
1	1	1	1	1	0	1	1	1	1	1	1	1	1	1	0	1	1	0	1	1	0	1	1	0	1	1	1	1	1	1	1	1	1	1	0	1	1	1	1	0	0	1	1	1	1	1	1	0	1	1	1	1	1	1	1	1	0	1	1	1	0	1	1	1	1	1	0	1	2	2	2	2	2	1	1	1	0	2	2	2	1	2	2	0	1	1	1	1	1	0	0	1	2	1	0	1	1	2	1	1	1	1	0	1	1	1	1	1	1	1	1	1	1	0	0	1	1	1	1	1	1	1	1	1	1	1	1	1	0	1	1	1	0	1	1	1	1	0	1	0	1	1	0	1	1	1	1	1	1	1	1	1	1	1	0	1	1	1	1
1	1	1	0	1	1	0	1	1	1	1	1	1	1	1	1	1	1	1	0	1	0	1	1	1	1	1	1	1	0	0	1	1	1	1	1	1	1	1	1	1	0	0	1	1	0	1	1	0	1	0	0	1	1	1	0	1	1	1	1	1	1	1	0	1	0	1	0	1	1	1	1	1	1	2	1	1	2	1	2	1	1	1	2	1	1	2	2	0	1	0	0	2	2	2	0	2	2	0	1	0	0	1	1	1	1	1	1	1	1	0	1	1	0	0	1	1	1	1	1	1	1	1	1	1	1	1	1	0	1	0	1	1	1	0	1	0	1	1	1	1	1	1	0	1	1	1	1	1	1	1	1	1	1	1	1	1	1	1	1
1	0	1	1	1	1	1	1	1	1	1	1	1	1	1	1	0	1	1	1	1	1	1	1	1	1	1	1	1	1	1	1	0	1	1	0	0	1	1	1	1	1	1	1	1	1	1	1	0	1	1	1	1	1	1	1	1	0	0	1	1	1	1	1	1	1	1	1	1	0	1	0	2	1	1	1	0	2	2	1	0	2	2	2	1	1	1	0	1	2	2	1	1	1	1	2	2	2	1	1	0	1	1	1	1	0	1	1	1	1	1	1	1	1	1	1	1	0	1	1	1	1	0	1	1	1	1	1	1	1	1	0	1	1	1	1	1	2	2	2	1	2	1	2	0	1	2	2	2	2	1	0	2	0	1	1	2	2	1	1
1	0	1	0	1	1	1	1	1	1	1	1	1	1	1	0	0	1	1	1	1	0	1	1	1	1	1	1	1	0	1	0	0	0	1	1	1	1	1	1	2	1	1	1	1	0	2	1	1	1	2	1	2	1	1	0	1	2	2	2	2	1	2	0	2	1	2	1	1	2	1	1	2	1	2	1	0	1	2	1	0	0	2	2	0	1	2	0	2	2	1	2	1	1	2	1	1	0	0	1	1	1	1	1	1	1	1	1	1	1	1	1	0	1	1	1	1	0	1	0	1	1	0	1	1	1	0	1	1	1	1	0	1	1	1	2	0	1	1	0	1	2	1	0	2	1	0	2	1	0	2	1	0	1	0	0	1	1	2	1
1	1	1	1	1	1	0	1	1	1	1	1	1	1	1	1	0	1	0	1	1	1	1	1	1	1	1	1	1	1	1	1	1	1	1	1	1	2	2	2	1	0	0	1	2	2	1	2	1	2	1	1	2	0	2	1	1	2	1	1	1	0	2	1	0	2	1	1	1	1	2	2	2	1	2	1	1	2	2	2	1	2	0	2	1	2	1	1	2	1	2	2	2	1	0	2	0	1	1	1	1	1	1	0	1	0	1	1	1	1	0	1	1	0	1	1	1	1	1	1	1	0	1	1	1	0	1	1	1	1	1	0	0	1	1	1	1	1	2	1	2	1	1	2	2	1	1	1	2	1	1	1	1	2	1	0	0	2	0	1
1	1	1	1	1	0	0	1	0	1	1	0	1	1	1	1	1	1	1	1	1	1	1	1	1	1	1	1	1	1	1	1	0	0	1	1	0	2	2	0	1	1	0	1	2	0	2	0	2	1	1	1	0	1	2	1	1	2	0	2	1	1	1	2	2	1	1	1	1	2	1	1	2	0	1	1	2	0	2	0	1	2	1	1	1	1	2	0	2	2	1	0	1	0	2	2	1	0	2	1	1	0	1	1	1	1	0	1	1	1	0	1	1	1	1	1	1	1	1	1	1	1	0	1	1	1	1	1	1	0	0	0	1	0	1	1	1	2	2	0	1	0	0	2	1	1	1	1	2	0	1	2	1	2	0	1	2	1	1	2
0	0	1	1	0	1	1	1	1	1	1	1	1	1	1	1	1	1	1	1	1	1	1	1	1	1	1	1	1	1	0	1	0	1	1	1	1	1	1	0	1	1	2	2	1	1	2	2	1	0	0	2	1	1	2	2	0	1	1	1	1	2	1	2	2	1	1	1	1	0	2	0	1	2	1	1	2	2	2	0	1	1	1	1	2	1	1	1	2	0	1	2	1	2	2	2	2	0	1	1	1	1	1	1	1	0	1	1	0	1	1	1	1	1	1	1	1	0	1	1	1	1	1	1	1	0	1	1	1	1	1	1	1	1	1	0	1	1	2	2	2	1	1	0	2	0	1	1	1	2	2	0	1	1	2	1	1	1	2	2
1	1	1	1	1	0	1	1	1	1	0	1	1	1	1	1	1	1	1	0	1	1	1	1	1	1	1	0	1	1	1	1	1	1	1	1	1	1	0	2	1	1	1	2	2	2	2	0	0	2	1	1	1	1	2	1	2	1	1	1	1	2	2	2	1	1	0	1	1	1	1	1	2	2	2	0	2	0	1	2	0	2	1	1	2	2	0	0	2	0	2	1	1	0	1	1	2	1	0	1	0	1	1	1	1	1	1	1	1	1	1	1	1	0	1	1	1	1	0	1	1	1	1	1	1	1	0	0	0	1	1	1	1	0	1	1	2	2	0	2	0	2	1	0	2	0	1	2	2	1	1	1	0	1	1	1	2	2	2	2
0	1	1	1	0	1	1	1	1	1	1	1	1	1	1	0	1	1	1	1	1	1	0	1	1	1	1	1	0	1	0	1	0	1	1	1	0	2	1	1	2	1	1	1	0	1	2	1	1	2	0	1	0	1	2	1	2	1	1	1	1	1	1	0	0	2	2	1	1	2	1	0	1	2	0	0	2	1	1	0	2	1	0	1	2	2	2	0	0	1	1	2	2	0	2	1	1	0	2	1	1	1	1	0	0	0	0	1	1	1	1	1	0	1	1	0	1	1	1	0	1	1	1	1	1	1	1	0	1	1	1	1	1	1	1	0	2	1	1	1	2	2	0	1	2	2	0	1	1	2	1	1	0	2	1	2	2	0	0	1
1	0	1	0	1	1	1	1	1	0	1	1	1	1	1	1	1	0	1	1	0	1	1	1	1	1	1	0	1	1	1	1	1	1	1	0	1	2	0	1	2	0	2	2	2	2	1	2	1	1	1	0	0	0	2	1	1	0	2	1	2	1	0	1	2	2	1	1	1	1	0	2	2	2	1	0	0	1	2	2	2	1	1	2	2	1	0	0	1	2	2	1	1	1	1	2	1	1	1	0	1	1	1	1	1	1	1	1	1	1	1	1	0	1	1	1	1	1	1	1	1	1	1	1	1	1	1	1	0	1	1	1	0	1	1	0	1	2	2	2	1	1	1	1	0	1	2	1	2	2	2	1	2	2	2	1	1	2	1	0
0	2	1	0	2	1	1	1	0	0	2	1	0	2	1	2	1	0	2	0	1	1	2	2	1	0	1	1	1	1	1	1	0	1	1	1	1	1	1	1	2	2	0	1	2	2	2	2	2	0	2	0	0	2	0	0	0	0	2	0	0	1	0	2	1	1	2	0	1	1	0	1	1	0	0	2	2	2	2	2	1	2	2	2	2	2	0	0	1	2	1	0	1	2	2	2	2	2	2	1	1	0	1	1	1	1	1	1	1	0	1	1	1	1	1	0	1	1	1	0	1	0	1	0	1	1	1	1	1	0	1	1	1	1	1	2	2	2	2	2	1	1	2	2	1	0	2	1	2	2	0	2	0	1	2	2	0	1	1	1
0	0	1	1	1	2	1	2	1	2	1	1	1	0	1	1	1	2	0	2	1	2	2	2	1	1	1	0	1	1	1	1	1	1	1	1	1	0	1	2	2	2	0	1	2	1	1	0	0	1	1	1	1	2	2	2	1	2	2	1	2	0	0	2	2	0	0	1	1	0	1	2	1	2	2	2	1	1	1	2	1	0	1	1	2	1	1	1	2	1	0	1	1	1	0	2	2	0	2	1	0	1	1	1	1	1	1	1	1	1	0	0	1	1	1	1	1	1	1	1	1	0	1	1	1	0	0	1	0	0	1	1	1	1	1	2	1	2	2	0	2	1	0	1	2	0	0	2	2	1	1	0	1	2	2	0	1	2	2	1
1	2	1	2	2	0	2	2	1	2	1	2	1	2	0	2	1	2	2	1	2	1	1	1	0	1	1	1	1	0	1	0	1	1	1	1	1	2	0	1	0	2	2	1	2	2	2	2	1	0	2	1	2	2	0	2	0	1	1	2	0	2	2	1	2	1	1	0	1	1	0	1	1	1	2	2	2	1	0	1	0	1	1	1	0	2	2	2	2	2	2	1	2	2	2	0	1	1	0	1	1	1	0	1	1	1	1	1	0	1	0	1	1	1	1	0	1	1	1	1	1	0	1	1	1	0	1	0	1	1	0	1	1	0	1	2	1	2	2	2	0	1	2	2	1	1	1	1	2	1	2	2	1	1	0	1	0	1	2	2
1	0	1	2	1	1	1	2	1	2	0	2	1	0	2	2	1	2	2	2	2	0	0	0	1	1	0	1	1	1	1	0	0	0	1	1	1	2	0	1	1	2	2	1	0	0	2	2	2	2	1	0	2	2	1	1	2	1	1	1	2	2	1	1	2	2	1	1	1	2	2	2	1	2	1	1	2	1	0	1	1	1	0	2	1	2	1	1	1	2	1	0	1	1	0	2	2	1	2	0	1	0	1	1	1	1	1	1	1	1	1	1	1	1	1	1	1	1	1	1	0	1	0	0	1	1	1	0	1	1	1	1	1	1	1	2	1	2	0	0	2	2	0	1	1	2	1	0	1	1	1	1	0	1	2	1	0	1	1	1
1	1	2	2	1	2	0	2	2	2	0	1	2	0	1	1	1	1	1	1	2	0	1	2	1	1	0	1	1	1	0	1	1	1	1	0	1	1	2	1	2	0	1	1	2	2	2	2	1	2	2	2	1	1	0	1	0	1	2	1	1	2	1	2	1	1	1	1	1	2	2	0	1	2	0	2	2	2	0	1	2	2	1	0	2	1	1	1	2	2	1	2	0	2	2	2	1	1	1	1	0	0	0	0	1	1	1	1	1	0	1	1	1	1	0	1	1	0	1	1	1	0	1	1	1	0	1	1	1	1	0	1	1	1	1	2	2	2	2	1	0	0	1	2	1	2	0	2	2	2	1	1	2	1	1	1	2	0	2	2
2	1	1	2	1	1	2	1	0	2	2	2	1	2	1	1	2	0	0	1	2	0	1	2	1	1	1	1	1	1	1	1	0	1	1	1	1	2	1	2	1	1	1	2	1	0	2	1	1	1	1	1	1	2	2	1	2	2	0	0	2	1	0	0	1	1	2	1	1	1	0	1	2	0	0	2	0	0	2	2	2	0	0	1	2	0	0	0	2	0	1	2	1	0	2	1	1	1	2	1	0	0	1	1	1	1	0	0	1	1	1	1	1	1	1	1	1	1	1	1	1	1	1	0	1	1	0	1	1	1	1	1	1	1	1	2	2	0	2	2	2	1	2	2	1	0	1	2	0	2	0	1	1	2	2	2	2	1	2	2
1	2	2	0	1	0	2	2	2	1	1	1	0	1	1	1	2	0	1	2	1	2	2	0	1	1	0	1	0	1	1	0	1	1	1	1	0	1	1	2	2	2	2	2	1	0	0	2	2	1	2	0	1	2	0	1	2	0	0	1	1	0	1	1	1	2	1	1	1	0	2	2	1	1	2	0	1	0	2	0	2	2	1	1	1	2	1	1	2	2	1	1	2	0	1	2	2	1	0	1	0	1	1	1	1	0	1	1	1	1	1	1	1	1	1	1	1	0	0	1	1	1	0	0	1	0	1	0	1	1	1	1	1	1	0	2	2	2	1	1	2	1	2	2	2	2	2	1	2	2	1	2	2	0	2	1	2	2	1	2
0	2	1	1	0	1	2	2	2	1	2	2	2	2	2	2	0	0	2	1	1	1	1	1	1	1	1	1	0	1	0	0	1	1	1	1	1	0	0	2	0	1	1	1	2	1	2	1	1	1	0	0	2	1	1	2	0	1	0	0	2	1	2	2	1	1	2	1	1	2	0	2	0	1	1	2	2	1	0	1	2	2	1	2	2	0	2	1	1	2	2	2	1	1	0	0	0	0	0	1	1	1	1	1	1	0	0	1	1	1	1	1	1	1	0	1	1	1	1	1	1	0	1	1	1	1	1	1	1	1	1	1	1	1	1	1	2	1	1	1	1	1	1	0	1	2	0	2	0	2	2	1	2	2	0	1	2	0	1	0
2	0	2	1	1	0	0	1	2	2	1	2	1	0	2	2	2	1	1	0	2	2	2	0	1	1	1	1	1	1	0	1	1	1	1	1	1	2	2	1	2	0	0	2	1	1	2	2	1	1	2	1	2	1	2	2	1	2	2	2	1	1	2	0	2	2	2	1	1	1	2	2	0	1	1	2	0	1	1	1	2	1	2	1	2	2	1	2	2	1	1	1	2	1	1	1	0	2	1	1	1	1	1	0	0	1	1	1	0	0	1	1	0	1	1	1	0	0	1	1	0	1	0	1	1	1	1	1	1	1	1	1	1	1	1	0	1	0	2	2	2	1	0	1	0	0	1	2	1	2	1	0	2	1	1	0	2	1	0	2
2	1	1	1	1	2	1	2	2	1	0	1	1	0	1	2	1	1	2	1	2	1	2	1	1	1	1	0	1	1	0	0	0	1	1	1	1	1	1	1	1	1	1	2	0	0	1	0	2	2	0	0	2	2	0	0	1	1	1	1	2	1	1	1	2	2	1	1	1	1	2	2	2	2	0	1	1	1	0	2	2	2	1	0	1	2	1	0	1	1	2	2	2	2	1	1	0	0	0	1	1	1	0	0	1	1	1	1	1	1	1	1	1	1	1	1	1	1	0	1	1	1	1	1	1	1	1	1	1	1	1	1	1	0	1	1	1	1	1	1	1	1	1	1	1	2	1	2	2	2	1	2	1	2	1	2	2	1	1	1
0	2	0	1	0	1	1	2	2	2	0	0	0	0	1	2	1	0	1	1	2	1	1	2	1	1	1	1	1	1	1	1	0	1	1	1	1	1	1	1	1	2	2	1	2	1	0	2	1	0	0	2	2	0	2	0	1	1	2	1	1	0	1	1	1	1	1	1	1	1	1	2	0	1	1	1	0	0	2	1	2	1	2	1	1	2	2	2	2	2	0	0	1	1	1	2	1	2	2	0	1	1	1	1	1	1	1	1	1	0	1	1	1	1	1	1	0	1	1	0	1	1	1	0	1	1	1	1	1	1	1	1	0	1	1	1	1	1	2	1	1	0	2	1	0	0	1	2	2	2	1	2	2	2	2	2	0	2	1	2
2	2	1	2	1	0	1	0	2	2	0	2	1	1	2	1	1	2	1	1	1	1	2	0	1	1	0	0	1	1	0	0	0	1	1	1	1	1	0	2	2	1	1	0	2	2	2	2	2	1	0	2	1	0	1	1	0	0	0	1	1	1	1	2	1	2	0	1	1	0	2	2	2	2	1	1	2	2	1	1	0	2	1	2	2	2	0	0	1	0	2	2	2	2	1	1	2	0	1	0	1	1	1	1	1	1	1	1	1	1	1	0	0	1	1	1	1	1	0	1	0	1	0	0	1	1	1	0	1	1	1	1	1	0	1	1	1	2	1	2	1	0	1	0	0	1	0	0	1	0	2	2	1	1	2	1	1	2	2	2
2	1	2	2	0	1	1	1	0	2	0	1	1	1	0	2	0	2	0	2	0	1	2	2	1	1	1	1	1	1	1	1	1	1	1	1	1	2	1	0	1	0	2	2	2	2	2	2	0	2	2	1	1	2	1	2	2	1	1	0	2	1	0	2	1	2	2	1	1	0	1	1	1	0	1	1	1	1	0	0	0	0	1	1	1	1	1	1	1	1	1	1	1	1	1	1	1	1	1	1	1	1	0	1	1	1	1	1	1	1	1	1	0	1	0	1	1	1	1	1	1	1	1	1	1	1	0	1	1	1	1	1	1	1	0	2	1	1	2	2	1	1	0	0	0	2	2	2	0	1	1	1	0	2	0	1	1	1	0	0
1	1	0	2	2	0	1	0	2	2	1	2	0	2	0	1	2	1	1	2	2	1	0	1	1	0	1	1	1	1	1	1	1	1	0	1	1	2	1	1	1	1	1	2	1	0	1	1	2	0	2	2	0	1	1	0	2	0	1	1	0	1	2	1	0	1	1	0	1	1	1	1	1	1	1	1	1	1	1	1	1	1	1	1	1	1	1	1	1	1	1	1	0	1	1	0	1	1	1	1	1	1	1	1	1	1	1	0	1	1	1	1	1	1	1	1	1	1	1	1	0	0	1	1	0	1	1	1	1	1	1	0	1	1	1	1	0	1	1	0	2	1	1	0	0	1	2	1	0	2	1	0	0	1	0	1	1	0	2	1
1	1	1	0	1	0	1	1	2	0	2	1	1	2	1	0	1	2	0	2	1	2	1	2	1	1	1	1	1	1	1	1	1	1	1	1	1	0	2	2	2	0	1	1	2	2	1	1	2	2	1	0	1	2	2	0	0	2	0	1	1	1	2	1	1	2	2	1	1	1	1	1	0	1	1	1	1	0	1	1	1	1	1	0	1	1	1	1	1	1	1	1	1	1	1	1	1	1	1	1	1	1	0	1	1	1	0	1	1	1	1	1	1	1	1	0	1	1	1	1	1	1	1	1	1	1	0	1	1	0	1	0	0	1	1	2	0	2	2	1	1	1	2	1	2	0	1	1	1	1	2	2	1	2	2	2	1	1	0	1
1	2	1	2	2	1	2	1	2	2	0	2	1	2	1	0	2	1	1	1	2	0	1	2	1	1	1	0	1	1	1	1	1	1	1	1	1	1	1	0	1	2	1	2	2	1	2	1	2	1	1	1	2	1	1	2	0	1	0	2	0	1	2	2	2	1	2	1	0	1	1	1	1	0	1	1	0	0	1	1	0	1	1	1	1	1	1	1	1	1	0	0	0	1	1	1	1	1	1	0	1	1	1	1	1	1	1	1	1	1	1	1	1	1	1	1	1	1	0	1	1	0	1	1	0	1	1	1	1	1	0	1	1	1	0	2	1	2	1	1	0	2	2	2	2	0	1	1	2	1	1	1	1	2	0	1	0	1	1	0
0	1	1	0	1	1	0	2	2	2	0	2	0	1	2	1	1	2	2	0	2	2	2	0	1	0	0	1	0	1	1	1	1	1	0	1	0	1	0	2	1	1	0	1	2	1	0	2	2	2	1	1	1	1	0	2	1	1	2	2	2	1	1	0	1	1	0	0	1	1	1	0	1	1	1	1	1	1	1	1	1	0	0	1	1	1	0	1	1	1	1	1	1	1	1	0	1	1	1	1	0	1	1	1	0	1	0	1	1	1	0	1	1	1	1	1	1	1	1	1	1	1	1	1	1	1	0	1	1	1	1	1	1	1	1	2	2	2	1	1	2	0	2	0	1	0	2	1	1	1	2	2	2	1	1	1	1	0	2	1
2	2	2	2	2	1	2	1	2	2	1	2	0	1	2	2	0	2	1	2	1	2	2	1	1	1	0	1	1	1	1	0	1	1	1	1	1	1	1	2	1	1	0	0	0	1	2	2	2	2	0	1	2	1	1	0	2	2	0	2	1	2	1	2	1	2	2	1	0	1	1	1	0	1	1	1	0	1	1	1	0	1	0	1	1	0	1	0	1	1	0	1	0	1	1	1	1	1	1	1	1	1	1	1	1	1	0	1	0	0	1	0	1	1	1	1	1	1	0	0	1	1	0	1	1	1	1	0	0	1	1	1	1	1	0	2	2	2	2	2	2	1	1	0	1	1	2	1	0	2	1	1	1	1	1	1	0	1	1	2
2	0	1	2	2	2	0	1	2	1	2	1	0	0	1	2	2	2	1	2	1	1	2	2	0	1	1	1	0	0	1	0	0	1	1	1	1	2	2	1	2	2	2	1	1	0	2	1	2	0	2	2	1	1	2	0	2	2	2	2	0	2	0	1	1	1	2	1	0	0	1	1	0	0	0	1	1	1	1	1	1	1	1	1	1	0	1	1	1	1	1	1	1	1	1	1	0	0	1	1	1	1	1	0	1	1	1	1	1	0	1	1	1	1	1	1	1	1	1	0	1	0	1	1	1	0	1	1	0	1	1	1	0	0	1	0	2	1	1	2	1	2	2	2	1	0	2	0	1	1	1	0	2	2	2	2	1	2	2	1
2	2	1	1	2	0	2	2	1	2	0	0	1	1	2	0	0	2	2	2	1	0	2	2	1	1	1	1	1	1	1	1	1	1	1	1	0	0	2	1	0	1	1	2	1	2	2	2	1	2	1	2	1	2	2	1	2	1	1	1	1	2	2	2	2	2	0	1	1	1	0	0	1	1	1	1	0	1	1	1	1	1	1	1	1	1	1	0	1	1	1	1	0	0	1	0	1	1	1	1	1	1	0	1	0	1	1	1	0	1	1	1	1	1	0	1	1	1	1	1	1	1	0	1	1	1	1	1	1	0	1	1	1	1	1	2	2	2	2	1	1	2	0	1	2	0	2	1	0	1	0	0	1	2	1	1	1	2	2	2
0	1	1	0	1	0	1	2	1	1	1	0	1	1	1	2	0	0	2	1	0	2	1	1	1	1	1	1	1	1	0	1	1	1	1	1	1	0	0	1	1	0	1	2	2	0	2	1	0	2	1	0	2	1	2	2	1	1	2	1	1	2	2	1	2	2	2	1	1	1	1	1	1	0	1	1	1	1	1	1	1	1	1	1	1	0	1	1	1	1	1	1	1	1	0	1	1	0	1	1	1	1	1	1	1	1	1	1	1	1	1	1	1	0	0	1	1	0	1	1	1	1	1	1	1	1	0	1	1	1	1	1	1	1	0	2	0	1	2	1	2	2	0	2	1	1	0	1	1	1	0	1	1	1	1	2	2	1	1	2
1	1	1	2	2	0	2	2	2	1	1	0	2	1	0	1	1	1	2	2	2	1	1	1	0	1	0	1	1	1	0	1	1	0	1	0	1	2	1	0	2	2	2	2	1	2	2	2	1	1	2	1	1	1	1	1	1	2	2	2	2	1	0	1	2	1	1	1	1	1	1	1	1	1	1	1	1	1	1	0	1	1	1	0	1	1	0	0	0	1	1	1	1	1	1	1	1	1	0	1	1	1	1	1	1	1	0	1	1	1	1	0	0	0	1	1	1	1	1	1	0	0	1	0	1	1	1	1	1	1	1	0	1	1	1	1	0	2	2	2	1	2	1	1	2	1	1	2	2	1	2	2	1	1	1	1	1	2	0	1
2	1	0	1	1	1	2	0	0	2	2	2	1	1	1	1	1	1	1	0	1	1	1	0	1	1	0	1	0	1	0	1	0	1	0	0	1	2	1	2	2	1	2	1	2	2	1	1	2	1	1	1	0	2	2	1	1	1	2	2	2	1	2	1	0	0	1	1	1	1	1	0	1	1	1	1	1	1	1	1	1	0	1	1	1	0	0	0	1	0	1	1	1	1	0	1	0	0	1	1	1	0	1	0	1	1	1	1	1	1	1	1	1	1	1	1	1	0	1	1	1	0	0	1	0	1	1	1	1	1	0	0	1	1	1	1	1	1	1	0	1	0	1	1	1	1	1	1	1	1	1	1	1	1	1	1	1	1	1	0
2	2	1	2	1	1	2	1	1	1	2	2	1	1	1	0	1	1	2	2	2	2	1	2	1	1	1	0	1	s	1	1	1	1	1	0	0	1	1	1	1	1	1	0	0	1	1	1	1	0	1	1	1	1	0	1	1	1	1	0	1	1	1	1	1	0	0	1	0	1	1	1	1	1	1	1	0	1	1	1	0	1	1	1	0	1	1	1	1	1	1	1	0	0	1	1	1	1	1	1	1	1	1	0	0	1	0	0	0	1	0	1	1	1	1	1	1	0	1	0	1	1	1	1	1	1	1	0	1	0	1	0	1	0	1	1	1	1	1	1	1	1	1	1	1	1	1	1	1	1	1	1	1	1	0	1	1	1	1	1
2	1	2	2	1	2	2	2	1	1	1	1	2	2	0	1	0	2	2	0	1	1	2	1	0	1	1	1	1	1	1	1	1	0	1	0	0	1	1	1	1	1	1	0	1	1	1	1	1	1	1	1	1	1	0	1	1	0	1	1	1	0	1	1	1	1	0	1	1	1	1	1	1	1	0	1	0	1	0	0	0	1	1	1	1	0	1	0	1	1	1	1	1	1	0	1	1	0	0	0	1	1	1	1	1	1	1	1	1	1	1	1	1	1	0	1	1	1	0	1	0	0	1	1	1	0	1	1	0	1	1	1	1	0	1	1	1	1	1	1	1	1	1	1	1	1	1	1	1	1	0	1	1	1	0	0	0	1	1	1
0	0	1	2	0	1	2	2	1	2	2	1	0	1	0	2	1	2	2	2	1	2	2	2	2	2	1	2	2	0	2	2	2	1	1	1	1	1	1	0	1	1	1	0	0	0	0	1	1	1	0	1	1	1	1	1	1	0	1	1	0	1	0	0	1	1	1	1	0	1	1	1	1	1	1	1	1	1	1	0	1	1	1	1	1	1	1	1	1	1	1	1	1	1	1	1	1	1	0	1	1	1	1	1	1	1	1	1	1	1	1	1	1	1	0	1	1	1	1	1	0	1	1	1	1	1	1	1	1	1	1	0	1	1	1	1	0	1	1	1	1	1	1	1	0	1	0	1	1	0	1	1	0	1	1	1	0	1	1	0
2	1	2	1	2	2	2	2	1	2	1	0	2	2	2	2	1	2	0	2	1	2	0	1	2	1	0	2	1	2	0	0	2	1	1	1	1	1	1	1	1	0	0	1	1	0	1	1	1	1	0	1	1	0	1	1	0	1	1	1	1	1	1	0	1	1	0	1	1	0	1	1	1	1	0	1	1	1	1	0	1	1	1	1	1	1	1	0	1	1	1	0	1	0	1	0	1	1	0	1	1	0	1	1	1	1	1	1	1	1	1	0	1	1	0	1	1	1	1	1	1	1	1	1	1	1	1	1	0	1	1	1	1	1	1	1	1	1	1	0	1	1	1	1	1	1	0	1	1	0	1	1	0	1	1	1	1	0	1	1
2	2	1	2	1	0	2	2	1	0	2	2	1	1	2	2	1	0	2	0	0	2	2	1	2	2	2	2	2	2	1	1	1	1	1	0	0	1	1	0	1	1	1	1	1	1	1	1	1	1	1	1	1	1	1	1	0	1	1	1	1	1	0	1	1	1	1	1	1	1	1	0	1	0	1	1	1	1	1	0	0	1	1	0	1	1	1	0	1	1	1	1	1	1	0	1	1	1	1	1	0	1	1	1	1	1	1	1	1	1	1	1	0	0	1	1	1	1	1	0	1	1	1	0	1	1	0	1	0	1	1	1	1	1	1	0	1	1	1	1	1	1	1	1	1	0	1	1	1	1	1	1	1	0	1	1	1	1	1	1
1	0	0	2	2	2	0	0	2	2	1	2	1	2	0	2	2	2	2	2	1	2	2	0	2	2	2	0	1	1	2	0	2	1	0	1	1	1	0	1	0	1	1	1	1	1	1	1	1	1	1	1	1	1	1	1	1	1	1	1	1	1	1	1	1	1	1	1	0	1	1	1	1	1	1	0	1	1	1	1	0	1	1	0	0	0	1	1	1	0	1	1	1	1	1	1	1	1	1	1	1	1	1	1	1	1	1	1	1	0	1	1	1	1	1	0	1	1	1	1	0	1	1	1	0	1	1	1	1	1	1	1	1	1	1	1	0	1	0	1	1	0	1	1	1	1	1	1	1	1	1	1	1	1	1	1	1	1	1	1
2	0	2	0	2	2	2	1	2	b2	a2	b2	b2	b2	a2	b2	b2	b2	b2	b2	b2	b2	a2	b2	b2	a2	b2	a2	a2	a2	b2	a2	b2	a2	a2	a2	a2	a2	a2	a2	a2	a2	a2	a2	a2	a2	a2	a2	a2	a2	1	1	1	0	1	1	0	1	0	1	1	1	1	1	1	0	1	1	1	1	1	1	1	1	0	1	1	0	1	0	1	1	1	1	0	1	1	1	1	1	1	1	1	0	0	1	0	0	1	1	1	1	1	1	1	1	0	0	1	1	1	0	1	1	1	1	1	0	1	1	1	1	1	1	1	1	1	1	1	0	1	1	0	1	1	0	0	1	1	1	0	1	1	1	1	0	1	1	1	1	1	1	0	1	0	1	1	1	1	1
1	1	1	1	0	1	1	2	0	a2	2	1	1	1	0	1	0	1	0	0	2	1	1	1	0	1	1	0	1	1	2	2	1	1	0	1	1	1	1	1	0	1	1	1	1	1	1	1	1	a2	1	1	1	1	0	0	1	1	1	1	1	1	1	0	1	0	1	0	1	0	1	1	1	1	1	1	0	1	1	1	0	1	1	1	1	1	1	1	1	1	1	1	0	1	1	1	0	1	1	0	1	1	1	1	0	1	1	1	1	1	1	1	1	1	1	1	1	1	1	1	1	0	1	1	1	1	1	1	1	0	1	1	1	1	1	1	1	1	0	1	1	1	1	1	1	1	1	1	1	0	0	0	1	1	1	1	0	1	1	1
0	1	1	0	1	1	2	2	1	a2	2	1	2	2	1	0	1	2	1	2	2	2	2	1	1	1	2	2	1	1	0	2	1	1	1	1	1	0	1	1	1	1	1	1	1	1	0	1	1	a2	1	1	1	1	1	0	1	0	0	1	1	0	1	1	1	1	1	1	1	1	1	1	1	1	0	1	1	1	1	0	1	1	1	1	0	1	0	1	1	1	1	0	1	1	1	1	1	1	1	1	1	1	1	0	0	1	1	1	1	1	1	1	1	1	1	0	1	0	1	1	1	0	1	1	1	1	1	1	1	1	1	1	0	1	1	1	1	1	1	1	0	1	1	1	1	1	1	0	1	1	1	1	0	1	1	1	1	1	1	1
0	1	1	2	2	2	0	0	1	b2	1	0	2	2	2	1	2	1	1	0	1	2	1	2	2	0	2	1	1	2	2	0	1	1	1	1	1	1	1	1	1	1	1	1	1	1	1	1	1	a2	1	1	1	1	1	1	1	1	1	1	1	1	1	1	1	1	0	1	1	1	0	0	1	1	0	1	1	1	1	1	1	1	1	1	1	0	1	1	1	1	1	1	0	1	1	1	1	1	1	1	1	1	1	1	1	1	1	1	1	0	1	1	1	1	1	1	1	1	1	0	1	1	1	1	1	0	1	1	1	1	0	0	1	1	1	1	1	1	1	1	1	1	1	1	1	1	1	1	1	1	1	1	1	0	1	1	1	0	1	1
0	1	1	0	2	2	2	1	0	b2	1	1	0	1	2	2	0	1	0	2	1	2	2	1	1	2	2	0	2	0	1	1	0	0	1	1	1	0	1	0	1	1	1	1	0	1	1	1	1	a2	0	1	1	1	1	1	1	1	1	1	1	1	1	1	1	1	1	1	1	1	1	1	1	1	0	1	1	0	1	1	1	1	1	1	1	1	0	1	0	1	1	1	1	1	1	0	1	1	1	1	1	1	1	1	1	1	1	1	1	0	1	1	1	1	1	1	1	1	0	1	1	1	0	1	0	1	1	1	0	0	1	1	0	1	1	0	0	1	1	1	1	1	0	1	1	1	1	1	1	1	1	1	0	1	1	0	1	1	1	1
1	1	1	2	2	2	2	2	1	b2	1	0	0	2	2	2	0	0	0	1	1	2	0	1	2	2	1	2	2	1	1	2	2	1	0	1	1	1	1	1	1	1	1	1	1	1	1	1	1	a2	0	1	1	1	1	1	0	1	0	1	1	1	1	0	1	1	1	1	0	0	0	0	0	1	1	1	1	1	1	1	1	1	1	1	1	1	1	0	1	1	1	1	1	1	1	1	1	1	1	1	0	1	1	0	1	0	1	1	1	1	1	1	1	1	1	1	1	1	0	1	1	0	1	1	1	1	1	1	1	0	1	0	0	1	1	1	1	1	1	0	1	1	0	1	0	1	1	1	1	1	1	1	1	1	1	1	1	1	1	1
1	1	1	1	1	2	1	0	0	b2	0	2	1	2	2	1	1	1	0	1	2	2	2	2	2	1	2	2	1	2	1	0	0	1	1	0	1	1	0	1	1	0	1	1	0	1	1	0	0	a2	1	1	1	1	1	1	1	1	1	1	1	1	1	1	1	0	1	0	1	1	0	1	1	1	1	0	1	1	1	1	1	1	1	1	1	1	1	1	0	1	1	1	1	1	1	1	1	1	1	1	1	1	1	0	1	1	0	1	1	1	1	1	1	1	1	1	1	1	1	1	1	1	1	1	1	0	1	1	1	1	1	0	1	1	1	1	0	0	1	0	1	1	0	1	0	1	0	1	1	1	0	1	1	1	1	1	1	0	0	1
1	1	0	0	1	2	2	1	2	b2	1	2	2	1	1	1	1	0	2	1	2	2	2	1	2	2	2	0	0	2	2	1	2	0	1	1	1	1	1	1	1	1	1	1	1	1	1	0	0	a2	1	1	1	0	1	1	1	1	1	1	1	1	1	0	0	1	1	1	1	1	1	0	1	1	0	1	1	1	1	1	1	1	1	1	1	1	1	1	1	1	1	0	1	1	1	0	0	1	1	1	1	1	0	1	1	1	1	1	1	1	0	1	0	1	0	1	1	1	1	1	1	0	1	1	0	1	0	1	0	0	1	0	1	1	1	1	0	1	1	1	1	0	1	1	0	1	1	1	1	1	1	1	1	1	1	1	0	1	0	1
0	1	1	0	1	0	0	1	0	a2	1	0	1	1	2	1	1	1	0	1	2	1	2	1	1	2	2	1	0	2	2	1	2	1	1	1	1	1	1	0	1	1	1	1	1	1	0	1	1	a2	1	1	1	1	1	0	0	1	1	1	1	1	0	1	1	1	1	1	1	1	0	1	0	0	0	1	1	1	1	1	1	1	1	0	1	1	1	0	0	1	1	1	1	1	1	1	0	1	1	0	1	0	1	0	1	1	1	1	1	1	1	1	1	1	1	1	1	1	0	1	0	1	1	1	1	1	1	1	1	1	1	1	0	1	1	1	1	1	1	1	0	1	1	1	1	0	1	0	1	1	1	1	1	1	1	0	0	1	1	1
1	1	1	1	2	2	2	2	1	b2	0	2	1	1	1	2	2	1	0	0	0	1	2	1	2	2	2	2	2	1	2	1	1	1	1	1	0	1	1	1	1	1	1	1	1	1	1	0	1	a2	0	1	1	1	1	1	0	1	1	0	1	1	0	1	1	1	1	0	1	1	1	1	0	1	1	0	1	1	0	1	1	0	1	1	1	1	1	0	1	1	0	1	1	1	1	1	1	1	0	1	1	1	1	1	1	0	1	1	1	1	1	1	0	1	0	1	1	1	1	1	1	1	0	1	1	1	1	1	0	1	1	1	1	1	0	1	0	1	1	1	1	1	0	1	1	1	1	1	0	1	1	0	1	1	1	1	1	1	1	1
1	0	0	1	2	0	1	0	2	b2	2	0	0	1	1	0	1	2	0	1	2	1	1	1	2	1	0	0	1	0	2	2	2	0	0	1	1	1	1	0	1	0	0	1	1	1	1	1	1	a2	0	1	1	1	1	1	1	1	1	1	1	1	1	0	0	1	1	1	1	1	1	1	0	1	1	1	1	1	0	1	1	1	1	1	0	1	1	1	1	1	1	1	1	1	1	1	1	1	1	1	0	1	1	1	1	1	0	1	1	1	1	1	1	1	0	0	1	0	1	1	1	1	1	0	1	1	1	1	1	1	1	1	1	1	1	1	1	1	1	0	1	1	1	1	1	1	1	1	1	0	1	1	1	1	1	0	1	1	1	1
1	0	1	2	1	2	1	1	1	b2	1	1	2	2	0	0	1	2	0	2	1	0	0	1	2	2	0	0	1	2	2	1	1	1	1	1	0	1	1	0	1	1	1	0	1	1	1	1	1	a2	0	1	0	1	1	1	1	1	0	0	1	1	1	1	1	1	1	0	1	1	1	1	1	1	0	1	0	1	0	1	1	0	1	1	1	1	1	1	1	1	1	1	1	1	1	1	1	1	1	1	1	1	1	1	1	1	1	1	1	1	1	1	1	1	1	1	1	1	1	1	1	1	0	1	0	1	1	1	1	1	0	0	1	1	1	1	0	1	1	1	1	1	1	1	0	1	0	1	1	1	1	1	1	1	1	1	0	1	1	1
1	1	1	1	2	2	1	2	1	a2	0	2	1	2	2	1	1	1	2	1	1	2	1	2	1	1	0	2	1	0	2	2	1	1	1	1	1	1	1	1	0	1	1	1	1	0	1	0	1	a2	1	1	1	0	1	1	1	1	1	1	1	1	1	1	1	1	1	1	0	1	1	1	1	1	1	0	1	1	1	1	0	0	1	0	1	1	0	1	1	1	1	1	1	1	0	1	1	0	1	1	1	1	1	1	0	0	1	1	1	1	1	0	1	1	0	1	1	1	1	0	1	1	1	1	1	0	1	1	0	1	1	0	1	1	1	1	1	0	1	1	1	1	1	1	1	1	1	1	1	1	0	0	1	0	1	1	1	1	1	1
1	1	1	1	2	1	1	2	2	a2	2	1	0	1	0	0	0	1	1	2	2	1	1	2	2	2	1	1	1	1	2	1	1	1	1	1	1	1	1	1	0	1	0	1	0	1	0	1	1	a2	1	0	1	1	1	1	1	1	1	1	1	1	1	1	0	0	1	1	1	0	1	1	1	1	0	1	1	1	1	1	1	0	1	1	1	1	1	0	0	1	1	1	1	1	1	0	0	1	1	1	0	0	1	1	1	1	1	1	1	1	0	1	1	1	1	1	1	1	1	0	1	1	1	1	1	1	1	1	1	1	1	1	1	1	1	1	0	0	0	1	1	1	1	1	1	1	1	1	1	1	1	0	1	1	1	0	1	0	1	1
1	0	1	1	2	0	1	1	2	b2	2	2	2	2	1	0	1	2	2	1	1	2	2	2	2	0	0	1	0	2	2	2	1	1	1	1	0	0	1	1	1	1	1	1	0	1	1	1	1	a2	1	0	1	0	1	1	1	1	1	1	1	1	1	1	1	1	0	1	1	0	1	1	1	1	1	1	1	1	1	1	1	0	0	1	1	1	1	1	0	1	0	1	1	1	1	0	1	1	1	0	1	0	1	1	1	1	0	1	1	1	1	0	1	1	1	1	1	0	0	1	1	0	0	0	1	1	1	1	0	1	1	0	1	1	1	1	0	1	1	1	1	0	1	0	1	1	1	1	0	1	1	1	1	1	1	1	1	1	0	1
1	1	1	0	2	1	0	1	2	b2	2	2	1	2	1	1	1	1	2	1	2	2	0	1	1	2	2	1	0	1	2	1	0	1	1	1	1	1	1	1	1	1	1	1	1	0	0	1	1	a2	1	1	0	1	1	1	1	1	1	1	1	1	1	1	1	1	1	1	1	1	1	1	0	1	1	0	1	1	1	1	1	1	1	1	1	1	1	1	1	1	1	1	1	1	1	0	1	1	0	0	1	0	1	1	1	0	1	0	0	1	0	1	0	1	1	0	1	0	0	0	1	1	1	1	1	1	1	1	0	1	1	1	1	0	1	0	1	1	1	1	0	1	1	1	1	0	1	1	1	1	1	1	0	1	1	1	1	0	1	1
1	1	1	0	1	1	1	0	1	b2	1	0	2	2	0	2	1	2	2	1	1	2	1	1	1	0	1	2	1	1	0	2	1	1	1	1	1	0	1	0	1	1	1	1	1	1	0	1	1	a2	1	1	0	1	0	1	1	1	0	1	1	0	1	1	1	1	1	1	1	1	1	1	1	1	1	1	1	1	1	1	1	1	1	1	1	1	1	1	1	1	1	0	1	1	1	1	1	0	0	1	1	1	1	1	1	1	1	1	1	0	1	0	0	1	0	1	1	1	1	1	0	1	0	1	1	1	0	0	1	1	1	1	0	1	1	1	1	1	1	1	1	1	0	1	1	1	1	1	0	1	1	1	1	1	1	1	1	1	1	1
1	1	1	0	2	1	0	1	2	b2	1	0	0	2	0	1	2	0	1	0	1	1	1	1	1	2	1	1	0	2	2	1	1	1	1	1	1	1	1	1	1	0	1	1	1	1	1	1	0	a2	1	1	0	0	1	1	1	0	1	1	1	1	1	1	1	1	1	1	1	1	1	1	1	1	1	1	1	1	1	1	1	1	1	0	1	1	0	1	0	1	1	1	1	0	1	1	1	1	1	1	1	1	0	0	1	0	1	1	1	1	1	0	0	1	1	1	1	1	1	0	1	1	1	0	1	1	1	1	1	1	1	1	1	1	1	1	1	1	1	0	1	1	1	1	1	1	1	1	1	1	1	0	1	1	0	1	1	0	1	1
0	0	0	0	2	1	2	2	2	b2	1	1	2	2	2	2	1	2	2	0	2	2	2	2	1	2	1	0	2	1	0	1	1	1	1	0	1	1	1	1	1	0	1	1	0	1	0	1	0	a2	0	1	1	1	1	1	1	1	1	1	1	1	1	1	0	0	1	1	1	1	1	1	1	1	1	1	1	0	1	1	1	1	1	1	1	1	0	1	1	0	0	0	1	1	0	1	1	1	1	1	1	1	1	1	1	1	1	1	1	1	1	1	1	1	0	1	1	1	1	1	0	0	1	1	1	1	1	1	1	1	1	1	1	1	1	1	1	0	1	1	1	1	1	1	1	0	1	1	1	1	1	1	1	1	1	1	1	1	0	0
1	0	0	0	2	0	1	2	0	b2	1	1	1	1	2	2	0	2	2	0	0	1	0	1	1	0	2	0	2	2	0	2	2	1	1	1	1	1	1	1	1	1	0	0	1	1	1	1	1	a2	0	1	1	1	0	0	0	1	0	1	1	1	1	1	1	1	1	1	0	1	1	1	1	1	1	1	1	1	1	1	1	1	0	1	1	1	1	1	1	1	1	1	1	0	1	1	1	1	1	0	1	1	1	1	0	0	1	1	0	1	0	1	0	1	1	1	1	1	1	1	1	1	0	1	1	0	1	1	1	0	1	1	1	0	0	1	1	1	1	1	1	0	1	1	0	1	1	1	0	0	1	1	1	1	0	0	1	1	0	1
1	1	0	2	0	2	2	1	1	a2	0	2	1	2	2	1	1	1	1	1	2	1	2	0	1	2	2	1	1	2	2	2	1	1	0	1	1	1	1	0	0	1	1	1	1	1	1	1	1	a2	1	1	0	0	0	1	1	1	1	0	1	1	1	1	1	1	1	1	1	0	1	1	1	1	1	0	1	1	1	1	1	1	1	1	1	1	1	1	1	1	1	1	1	1	1	1	0	1	1	0	1	1	1	1	1	1	1	1	1	0	1	1	1	0	1	1	1	1	0	1	1	1	1	1	0	1	1	0	1	1	0	1	0	1	1	1	1	1	1	1	0	0	1	0	1	1	0	1	1	1	1	1	1	1	1	1	1	1	0	1
